poly 0 || [(1, 0), (0, 0), (0, 1)] || area : -1.000000 ||[1, 0, 4] 
poly 1 || [(1, 0), (0, 0), (1, 1)] || area : -1.000000 ||[1, 0, 5] 
poly 2 || [(1, 0), (0, 0), (2, 1)] || area : -1.000000 ||[1, 0, 6] 
poly 3 || [(1, 0), (0, 0), (3, 1)] || area : -1.000000 ||[1, 0, 7] 
poly 4 || [(1, 0), (0, 0), (0, 2)] || area : -2.000000 ||[1, 0, 8] 
poly 5 || [(1, 0), (0, 0), (1, 2)] || area : -2.000000 ||[1, 0, 9] 
poly 6 || [(1, 0), (0, 0), (2, 2)] || area : -2.000000 ||[1, 0, 10] 
poly 7 || [(1, 0), (0, 0), (3, 2)] || area : -2.000000 ||[1, 0, 11] 
poly 8 || [(1, 0), (0, 0), (0, 3)] || area : -3.000000 ||[1, 0, 12] 
poly 9 || [(1, 0), (0, 0), (1, 3)] || area : -3.000000 ||[1, 0, 13] 
poly 10 || [(1, 0), (0, 0), (2, 3)] || area : -3.000000 ||[1, 0, 14] 
poly 11 || [(1, 0), (0, 0), (3, 3)] || area : -3.000000 ||[1, 0, 15] 
poly 12 || [(2, 0), (0, 0), (0, 1)] || area : -2.000000 ||[2, 0, 4] 
poly 13 || [(2, 0), (0, 0), (1, 1)] || area : -2.000000 ||[2, 0, 5] 
poly 14 || [(2, 0), (0, 0), (2, 1)] || area : -2.000000 ||[2, 0, 6] 
poly 15 || [(2, 0), (0, 0), (3, 1)] || area : -2.000000 ||[2, 0, 7] 
poly 16 || [(2, 0), (0, 0), (0, 2)] || area : -4.000000 ||[2, 0, 8] 
poly 17 || [(2, 0), (0, 0), (1, 2)] || area : -4.000000 ||[2, 0, 9] 
poly 18 || [(2, 0), (0, 0), (2, 2)] || area : -4.000000 ||[2, 0, 10] 
poly 19 || [(2, 0), (0, 0), (3, 2)] || area : -4.000000 ||[2, 0, 11] 
poly 20 || [(2, 0), (0, 0), (0, 3)] || area : -6.000000 ||[2, 0, 12] 
poly 21 || [(2, 0), (0, 0), (1, 3)] || area : -6.000000 ||[2, 0, 13] 
poly 22 || [(2, 0), (0, 0), (2, 3)] || area : -6.000000 ||[2, 0, 14] 
poly 23 || [(2, 0), (0, 0), (3, 3)] || area : -6.000000 ||[2, 0, 15] 
poly 24 || [(3, 0), (0, 0), (0, 1)] || area : -3.000000 ||[3, 0, 4] 
poly 25 || [(3, 0), (0, 0), (1, 1)] || area : -3.000000 ||[3, 0, 5] 
poly 26 || [(3, 0), (0, 0), (2, 1)] || area : -3.000000 ||[3, 0, 6] 
poly 27 || [(3, 0), (0, 0), (3, 1)] || area : -3.000000 ||[3, 0, 7] 
poly 28 || [(3, 0), (0, 0), (0, 2)] || area : -6.000000 ||[3, 0, 8] 
poly 29 || [(3, 0), (0, 0), (1, 2)] || area : -6.000000 ||[3, 0, 9] 
poly 30 || [(3, 0), (0, 0), (2, 2)] || area : -6.000000 ||[3, 0, 10] 
poly 31 || [(3, 0), (0, 0), (3, 2)] || area : -6.000000 ||[3, 0, 11] 
poly 32 || [(3, 0), (0, 0), (0, 3)] || area : -9.000000 ||[3, 0, 12] 
poly 33 || [(3, 0), (0, 0), (1, 3)] || area : -9.000000 ||[3, 0, 13] 
poly 34 || [(3, 0), (0, 0), (2, 3)] || area : -9.000000 ||[3, 0, 14] 
poly 35 || [(3, 0), (0, 0), (3, 3)] || area : -9.000000 ||[3, 0, 15] 
poly 36 || [(0, 0), (0, 1), (1, 1)] || area : -0.500000 ||[0, 4, 5] 
poly 37 || [(0, 0), (0, 1), (2, 1)] || area : -1.000000 ||[0, 4, 6] 
poly 38 || [(0, 0), (0, 1), (3, 1)] || area : -1.500000 ||[0, 4, 7] 
poly 39 || [(0, 0), (0, 1), (1, 2)] || area : -0.500000 ||[0, 4, 9] 
poly 40 || [(0, 0), (0, 1), (2, 2)] || area : -1.000000 ||[0, 4, 10] 
poly 41 || [(0, 0), (0, 1), (3, 2)] || area : -1.500000 ||[0, 4, 11] 
poly 42 || [(0, 0), (0, 1), (1, 3)] || area : -0.500000 ||[0, 4, 13] 
poly 43 || [(0, 0), (0, 1), (2, 3)] || area : -1.000000 ||[0, 4, 14] 
poly 44 || [(0, 0), (0, 1), (3, 3)] || area : -1.500000 ||[0, 4, 15] 
poly 45 || [(0, 0), (1, 1), (2, 1)] || area : -0.500000 ||[0, 5, 6] 
poly 46 || [(0, 0), (1, 1), (3, 1)] || area : -1.000000 ||[0, 5, 7] 
poly 47 || [(0, 0), (0, 2), (1, 1)] || area : -1.000000 ||[0, 8, 5] 
poly 48 || [(0, 0), (1, 2), (1, 1)] || area : -0.500000 ||[0, 9, 5] 
poly 49 || [(0, 0), (1, 1), (3, 2)] || area : -0.500000 ||[0, 5, 11] 
poly 50 || [(1, 1), (0, 0), (0, 3)] || area : -3.000000 ||[5, 0, 12] 
poly 51 || [(1, 1), (0, 0), (1, 3)] || area : -2.000000 ||[5, 0, 13] 
poly 52 || [(1, 1), (0, 0), (2, 3)] || area : -1.000000 ||[5, 0, 14] 
poly 53 || [(0, 0), (2, 1), (3, 1)] || area : -0.500000 ||[0, 6, 7] 
poly 54 || [(0, 0), (0, 2), (2, 1)] || area : -2.000000 ||[0, 8, 6] 
poly 55 || [(0, 0), (1, 2), (2, 1)] || area : -1.500000 ||[0, 9, 6] 
poly 56 || [(0, 0), (2, 2), (2, 1)] || area : -1.000000 ||[0, 10, 6] 
poly 57 || [(0, 0), (3, 2), (2, 1)] || area : -0.500000 ||[0, 11, 6] 
poly 58 || [(2, 1), (0, 0), (0, 3)] || area : -6.000000 ||[6, 0, 12] 
poly 59 || [(2, 1), (0, 0), (1, 3)] || area : -5.000000 ||[6, 0, 13] 
poly 60 || [(2, 1), (0, 0), (2, 3)] || area : -4.000000 ||[6, 0, 14] 
poly 61 || [(2, 1), (0, 0), (3, 3)] || area : -3.000000 ||[6, 0, 15] 
poly 62 || [(0, 0), (0, 2), (3, 1)] || area : -3.000000 ||[0, 8, 7] 
poly 63 || [(0, 0), (1, 2), (3, 1)] || area : -2.500000 ||[0, 9, 7] 
poly 64 || [(0, 0), (2, 2), (3, 1)] || area : -2.000000 ||[0, 10, 7] 
poly 65 || [(0, 0), (3, 2), (3, 1)] || area : -1.500000 ||[0, 11, 7] 
poly 66 || [(3, 1), (0, 0), (0, 3)] || area : -9.000000 ||[7, 0, 12] 
poly 67 || [(3, 1), (0, 0), (1, 3)] || area : -8.000000 ||[7, 0, 13] 
poly 68 || [(3, 1), (0, 0), (2, 3)] || area : -7.000000 ||[7, 0, 14] 
poly 69 || [(3, 1), (0, 0), (3, 3)] || area : -6.000000 ||[7, 0, 15] 
poly 70 || [(0, 0), (0, 2), (1, 2)] || area : -1.000000 ||[0, 8, 9] 
poly 71 || [(0, 0), (0, 2), (2, 2)] || area : -2.000000 ||[0, 8, 10] 
poly 72 || [(0, 0), (0, 2), (3, 2)] || area : -3.000000 ||[0, 8, 11] 
poly 73 || [(0, 0), (0, 2), (1, 3)] || area : -1.000000 ||[0, 8, 13] 
poly 74 || [(0, 0), (0, 2), (2, 3)] || area : -2.000000 ||[0, 8, 14] 
poly 75 || [(0, 0), (0, 2), (3, 3)] || area : -3.000000 ||[0, 8, 15] 
poly 76 || [(0, 0), (1, 2), (2, 2)] || area : -1.000000 ||[0, 9, 10] 
poly 77 || [(0, 0), (1, 2), (3, 2)] || area : -2.000000 ||[0, 9, 11] 
poly 78 || [(0, 0), (0, 3), (1, 2)] || area : -1.500000 ||[0, 12, 9] 
poly 79 || [(0, 0), (1, 3), (1, 2)] || area : -0.500000 ||[0, 13, 9] 
poly 80 || [(0, 0), (1, 2), (2, 3)] || area : -0.500000 ||[0, 9, 14] 
poly 81 || [(0, 0), (1, 2), (3, 3)] || area : -1.500000 ||[0, 9, 15] 
poly 82 || [(0, 0), (2, 2), (3, 2)] || area : -1.000000 ||[0, 10, 11] 
poly 83 || [(0, 0), (0, 3), (2, 2)] || area : -3.000000 ||[0, 12, 10] 
poly 84 || [(0, 0), (1, 3), (2, 2)] || area : -2.000000 ||[0, 13, 10] 
poly 85 || [(0, 0), (2, 3), (2, 2)] || area : -1.000000 ||[0, 14, 10] 
poly 86 || [(0, 0), (0, 3), (3, 2)] || area : -4.500000 ||[0, 12, 11] 
poly 87 || [(0, 0), (1, 3), (3, 2)] || area : -3.500000 ||[0, 13, 11] 
poly 88 || [(0, 0), (2, 3), (3, 2)] || area : -2.500000 ||[0, 14, 11] 
poly 89 || [(0, 0), (3, 3), (3, 2)] || area : -1.500000 ||[0, 15, 11] 
poly 90 || [(0, 0), (0, 3), (1, 3)] || area : -1.500000 ||[0, 12, 13] 
poly 91 || [(0, 0), (0, 3), (2, 3)] || area : -3.000000 ||[0, 12, 14] 
poly 92 || [(0, 0), (0, 3), (3, 3)] || area : -4.500000 ||[0, 12, 15] 
poly 93 || [(0, 0), (1, 3), (2, 3)] || area : -1.500000 ||[0, 13, 14] 
poly 94 || [(0, 0), (1, 3), (3, 3)] || area : -3.000000 ||[0, 13, 15] 
poly 95 || [(0, 0), (2, 3), (3, 3)] || area : -1.500000 ||[0, 14, 15] 
poly 96 || [(2, 0), (1, 0), (0, 0), (0, 1)] || area : -2.000000 ||[2, 1, 0, 4] 
poly 97 || [(2, 0), (1, 0), (0, 0), (1, 1)] || area : -2.000000 ||[2, 1, 0, 5] 
poly 98 || [(2, 0), (1, 0), (0, 0), (2, 1)] || area : -2.000000 ||[2, 1, 0, 6] 
poly 99 || [(2, 0), (1, 0), (0, 0), (3, 1)] || area : -2.000000 ||[2, 1, 0, 7] 
poly 100 || [(2, 0), (1, 0), (0, 0), (0, 2)] || area : -4.000000 ||[2, 1, 0, 8] 
poly 101 || [(2, 0), (1, 0), (0, 0), (1, 2)] || area : -4.000000 ||[2, 1, 0, 9] 
poly 102 || [(2, 0), (1, 0), (0, 0), (2, 2)] || area : -4.000000 ||[2, 1, 0, 10] 
poly 103 || [(2, 0), (1, 0), (0, 0), (3, 2)] || area : -4.000000 ||[2, 1, 0, 11] 
poly 104 || [(2, 0), (1, 0), (0, 0), (0, 3)] || area : -6.000000 ||[2, 1, 0, 12] 
poly 105 || [(2, 0), (1, 0), (0, 0), (1, 3)] || area : -6.000000 ||[2, 1, 0, 13] 
poly 106 || [(2, 0), (1, 0), (0, 0), (2, 3)] || area : -6.000000 ||[2, 1, 0, 14] 
poly 107 || [(2, 0), (1, 0), (0, 0), (3, 3)] || area : -6.000000 ||[2, 1, 0, 15] 
poly 108 || [(3, 0), (1, 0), (0, 0), (0, 1)] || area : -3.000000 ||[3, 1, 0, 4] 
poly 109 || [(3, 0), (1, 0), (0, 0), (1, 1)] || area : -3.000000 ||[3, 1, 0, 5] 
poly 110 || [(3, 0), (1, 0), (0, 0), (2, 1)] || area : -3.000000 ||[3, 1, 0, 6] 
poly 111 || [(3, 0), (1, 0), (0, 0), (3, 1)] || area : -3.000000 ||[3, 1, 0, 7] 
poly 112 || [(3, 0), (1, 0), (0, 0), (0, 2)] || area : -6.000000 ||[3, 1, 0, 8] 
poly 113 || [(3, 0), (1, 0), (0, 0), (1, 2)] || area : -6.000000 ||[3, 1, 0, 9] 
poly 114 || [(3, 0), (1, 0), (0, 0), (2, 2)] || area : -6.000000 ||[3, 1, 0, 10] 
poly 115 || [(3, 0), (1, 0), (0, 0), (3, 2)] || area : -6.000000 ||[3, 1, 0, 11] 
poly 116 || [(3, 0), (1, 0), (0, 0), (0, 3)] || area : -9.000000 ||[3, 1, 0, 12] 
poly 117 || [(3, 0), (1, 0), (0, 0), (1, 3)] || area : -9.000000 ||[3, 1, 0, 13] 
poly 118 || [(3, 0), (1, 0), (0, 0), (2, 3)] || area : -9.000000 ||[3, 1, 0, 14] 
poly 119 || [(3, 0), (1, 0), (0, 0), (3, 3)] || area : -9.000000 ||[3, 1, 0, 15] 
poly 120 || [(1, 0), (0, 0), (0, 1), (1, 1)] || area : -1.500000 ||[1, 0, 4, 5] 
poly 121 || [(1, 0), (0, 0), (0, 1), (2, 1)] || area : -2.000000 ||[1, 0, 4, 6] 
poly 122 || [(1, 0), (0, 0), (0, 1), (3, 1)] || area : -2.500000 ||[1, 0, 4, 7] 
poly 123 || [(1, 0), (0, 0), (0, 1), (0, 2)] || area : -2.000000 ||[1, 0, 4, 8] 
poly 124 || [(1, 0), (0, 0), (0, 1), (1, 2)] || area : -2.500000 ||[1, 0, 4, 9] 
poly 125 || [(1, 0), (0, 0), (0, 1), (2, 2)] || area : -3.000000 ||[1, 0, 4, 10] 
poly 126 || [(1, 0), (0, 0), (0, 1), (3, 2)] || area : -3.500000 ||[1, 0, 4, 11] 
poly 127 || [(1, 0), (0, 0), (0, 1), (0, 3)] || area : -3.000000 ||[1, 0, 4, 12] 
poly 128 || [(1, 0), (0, 0), (0, 1), (1, 3)] || area : -3.500000 ||[1, 0, 4, 13] 
poly 129 || [(1, 0), (0, 0), (0, 1), (2, 3)] || area : -4.000000 ||[1, 0, 4, 14] 
poly 130 || [(1, 0), (0, 0), (0, 1), (3, 3)] || area : -4.500000 ||[1, 0, 4, 15] 
poly 131 || [(1, 0), (0, 0), (1, 1), (2, 1)] || area : -1.500000 ||[1, 0, 5, 6] 
poly 132 || [(1, 0), (0, 0), (1, 1), (3, 1)] || area : -2.000000 ||[1, 0, 5, 7] 
poly 133 || [(1, 0), (0, 0), (0, 2), (1, 1)] || area : -2.000000 ||[1, 0, 8, 5] 
poly 134 || [(1, 0), (0, 0), (1, 2), (1, 1)] || area : -1.500000 ||[1, 0, 9, 5] 
poly 135 || [(1, 0), (0, 0), (1, 1), (2, 2)] || area : -2.000000 ||[1, 0, 5, 10] 
poly 136 || [(1, 0), (0, 0), (1, 1), (3, 2)] || area : -2.500000 ||[1, 0, 5, 11] 
poly 137 || [(1, 0), (0, 0), (0, 3), (1, 1)] || area : -2.500000 ||[1, 0, 12, 5] 
poly 138 || [(1, 0), (0, 0), (1, 3), (1, 1)] || area : -2.000000 ||[1, 0, 13, 5] 
poly 139 || [(1, 0), (0, 0), (2, 3), (1, 1)] || area : -1.500000 ||[1, 0, 14, 5] 
poly 140 || [(1, 0), (0, 0), (1, 1), (3, 3)] || area : -3.000000 ||[1, 0, 5, 15] 
poly 141 || [(1, 0), (0, 0), (2, 1), (3, 1)] || area : -1.500000 ||[1, 0, 6, 7] 
poly 142 || [(1, 0), (0, 0), (0, 2), (2, 1)] || area : -3.000000 ||[1, 0, 8, 6] 
poly 143 || [(1, 0), (0, 0), (1, 2), (2, 1)] || area : -2.500000 ||[1, 0, 9, 6] 
poly 144 || [(1, 0), (0, 0), (2, 2), (2, 1)] || area : -2.000000 ||[1, 0, 10, 6] 
poly 145 || [(1, 0), (0, 0), (3, 2), (2, 1)] || area : -1.500000 ||[1, 0, 11, 6] 
poly 146 || [(1, 0), (0, 0), (0, 3), (2, 1)] || area : -4.000000 ||[1, 0, 12, 6] 
poly 147 || [(1, 0), (0, 0), (1, 3), (2, 1)] || area : -3.500000 ||[1, 0, 13, 6] 
poly 148 || [(1, 0), (0, 0), (2, 3), (2, 1)] || area : -3.000000 ||[1, 0, 14, 6] 
poly 149 || [(1, 0), (0, 0), (3, 3), (2, 1)] || area : -2.500000 ||[1, 0, 15, 6] 
poly 150 || [(1, 0), (0, 0), (0, 2), (3, 1)] || area : -4.000000 ||[1, 0, 8, 7] 
poly 151 || [(1, 0), (0, 0), (1, 2), (3, 1)] || area : -3.500000 ||[1, 0, 9, 7] 
poly 152 || [(1, 0), (0, 0), (2, 2), (3, 1)] || area : -3.000000 ||[1, 0, 10, 7] 
poly 153 || [(1, 0), (0, 0), (3, 2), (3, 1)] || area : -2.500000 ||[1, 0, 11, 7] 
poly 154 || [(1, 0), (0, 0), (0, 3), (3, 1)] || area : -5.500000 ||[1, 0, 12, 7] 
poly 155 || [(1, 0), (0, 0), (1, 3), (3, 1)] || area : -5.000000 ||[1, 0, 13, 7] 
poly 156 || [(1, 0), (0, 0), (2, 3), (3, 1)] || area : -4.500000 ||[1, 0, 14, 7] 
poly 157 || [(1, 0), (0, 0), (3, 3), (3, 1)] || area : -4.000000 ||[1, 0, 15, 7] 
poly 158 || [(1, 0), (0, 0), (0, 2), (1, 2)] || area : -3.000000 ||[1, 0, 8, 9] 
poly 159 || [(1, 0), (0, 0), (0, 2), (2, 2)] || area : -4.000000 ||[1, 0, 8, 10] 
poly 160 || [(1, 0), (0, 0), (0, 2), (3, 2)] || area : -5.000000 ||[1, 0, 8, 11] 
poly 161 || [(1, 0), (0, 0), (0, 2), (0, 3)] || area : -3.000000 ||[1, 0, 8, 12] 
poly 162 || [(1, 0), (0, 0), (0, 2), (1, 3)] || area : -4.000000 ||[1, 0, 8, 13] 
poly 163 || [(1, 0), (0, 0), (0, 2), (2, 3)] || area : -5.000000 ||[1, 0, 8, 14] 
poly 164 || [(1, 0), (0, 0), (0, 2), (3, 3)] || area : -6.000000 ||[1, 0, 8, 15] 
poly 165 || [(1, 0), (0, 0), (1, 2), (2, 2)] || area : -3.000000 ||[1, 0, 9, 10] 
poly 166 || [(1, 0), (0, 0), (1, 2), (3, 2)] || area : -4.000000 ||[1, 0, 9, 11] 
poly 167 || [(1, 0), (0, 0), (0, 3), (1, 2)] || area : -3.500000 ||[1, 0, 12, 9] 
poly 168 || [(1, 0), (0, 0), (1, 3), (1, 2)] || area : -2.500000 ||[1, 0, 13, 9] 
poly 169 || [(1, 0), (0, 0), (1, 2), (2, 3)] || area : -3.500000 ||[1, 0, 9, 14] 
poly 170 || [(1, 0), (0, 0), (1, 2), (3, 3)] || area : -4.500000 ||[1, 0, 9, 15] 
poly 171 || [(1, 0), (0, 0), (2, 2), (3, 2)] || area : -3.000000 ||[1, 0, 10, 11] 
poly 172 || [(1, 0), (0, 0), (0, 3), (2, 2)] || area : -5.000000 ||[1, 0, 12, 10] 
poly 173 || [(1, 0), (0, 0), (1, 3), (2, 2)] || area : -4.000000 ||[1, 0, 13, 10] 
poly 174 || [(1, 0), (0, 0), (2, 3), (2, 2)] || area : -3.000000 ||[1, 0, 14, 10] 
poly 175 || [(1, 0), (0, 0), (2, 2), (3, 3)] || area : -3.000000 ||[1, 0, 10, 15] 
poly 176 || [(1, 0), (0, 0), (0, 3), (3, 2)] || area : -6.500000 ||[1, 0, 12, 11] 
poly 177 || [(1, 0), (0, 0), (1, 3), (3, 2)] || area : -5.500000 ||[1, 0, 13, 11] 
poly 178 || [(1, 0), (0, 0), (2, 3), (3, 2)] || area : -4.500000 ||[1, 0, 14, 11] 
poly 179 || [(1, 0), (0, 0), (3, 3), (3, 2)] || area : -3.500000 ||[1, 0, 15, 11] 
poly 180 || [(1, 0), (0, 0), (0, 3), (1, 3)] || area : -4.500000 ||[1, 0, 12, 13] 
poly 181 || [(1, 0), (0, 0), (0, 3), (2, 3)] || area : -6.000000 ||[1, 0, 12, 14] 
poly 182 || [(1, 0), (0, 0), (0, 3), (3, 3)] || area : -7.500000 ||[1, 0, 12, 15] 
poly 183 || [(1, 0), (0, 0), (1, 3), (2, 3)] || area : -4.500000 ||[1, 0, 13, 14] 
poly 184 || [(1, 0), (0, 0), (1, 3), (3, 3)] || area : -6.000000 ||[1, 0, 13, 15] 
poly 185 || [(1, 0), (0, 0), (2, 3), (3, 3)] || area : -4.500000 ||[1, 0, 14, 15] 
poly 186 || [(3, 0), (2, 0), (0, 0), (0, 1)] || area : -3.000000 ||[3, 2, 0, 4] 
poly 187 || [(3, 0), (2, 0), (0, 0), (1, 1)] || area : -3.000000 ||[3, 2, 0, 5] 
poly 188 || [(3, 0), (2, 0), (0, 0), (2, 1)] || area : -3.000000 ||[3, 2, 0, 6] 
poly 189 || [(3, 0), (2, 0), (0, 0), (3, 1)] || area : -3.000000 ||[3, 2, 0, 7] 
poly 190 || [(3, 0), (2, 0), (0, 0), (0, 2)] || area : -6.000000 ||[3, 2, 0, 8] 
poly 191 || [(3, 0), (2, 0), (0, 0), (1, 2)] || area : -6.000000 ||[3, 2, 0, 9] 
poly 192 || [(3, 0), (2, 0), (0, 0), (2, 2)] || area : -6.000000 ||[3, 2, 0, 10] 
poly 193 || [(3, 0), (2, 0), (0, 0), (3, 2)] || area : -6.000000 ||[3, 2, 0, 11] 
poly 194 || [(3, 0), (2, 0), (0, 0), (0, 3)] || area : -9.000000 ||[3, 2, 0, 12] 
poly 195 || [(3, 0), (2, 0), (0, 0), (1, 3)] || area : -9.000000 ||[3, 2, 0, 13] 
poly 196 || [(3, 0), (2, 0), (0, 0), (2, 3)] || area : -9.000000 ||[3, 2, 0, 14] 
poly 197 || [(3, 0), (2, 0), (0, 0), (3, 3)] || area : -9.000000 ||[3, 2, 0, 15] 
poly 198 || [(2, 0), (0, 0), (0, 1), (1, 1)] || area : -2.500000 ||[2, 0, 4, 5] 
poly 199 || [(2, 0), (0, 0), (0, 1), (2, 1)] || area : -3.000000 ||[2, 0, 4, 6] 
poly 200 || [(2, 0), (0, 0), (0, 1), (3, 1)] || area : -3.500000 ||[2, 0, 4, 7] 
poly 201 || [(2, 0), (0, 0), (0, 1), (0, 2)] || area : -4.000000 ||[2, 0, 4, 8] 
poly 202 || [(2, 0), (0, 0), (0, 1), (1, 2)] || area : -4.500000 ||[2, 0, 4, 9] 
poly 203 || [(2, 0), (0, 0), (0, 1), (2, 2)] || area : -5.000000 ||[2, 0, 4, 10] 
poly 204 || [(2, 0), (0, 0), (0, 1), (3, 2)] || area : -5.500000 ||[2, 0, 4, 11] 
poly 205 || [(2, 0), (0, 0), (0, 1), (0, 3)] || area : -6.000000 ||[2, 0, 4, 12] 
poly 206 || [(2, 0), (0, 0), (0, 1), (1, 3)] || area : -6.500000 ||[2, 0, 4, 13] 
poly 207 || [(2, 0), (0, 0), (0, 1), (2, 3)] || area : -7.000000 ||[2, 0, 4, 14] 
poly 208 || [(2, 0), (0, 0), (0, 1), (3, 3)] || area : -7.500000 ||[2, 0, 4, 15] 
poly 209 || [(2, 0), (0, 0), (1, 1), (2, 1)] || area : -2.500000 ||[2, 0, 5, 6] 
poly 210 || [(2, 0), (0, 0), (1, 1), (3, 1)] || area : -3.000000 ||[2, 0, 5, 7] 
poly 211 || [(2, 0), (0, 0), (0, 2), (1, 1)] || area : -3.000000 ||[2, 0, 8, 5] 
poly 212 || [(2, 0), (0, 0), (1, 1), (1, 2)] || area : -3.500000 ||[2, 0, 5, 9] 
poly 213 || [(2, 0), (0, 0), (1, 1), (2, 2)] || area : -4.000000 ||[2, 0, 5, 10] 
poly 214 || [(2, 0), (0, 0), (1, 1), (3, 2)] || area : -4.500000 ||[2, 0, 5, 11] 
poly 215 || [(2, 0), (0, 0), (0, 3), (1, 1)] || area : -3.500000 ||[2, 0, 12, 5] 
poly 216 || [(2, 0), (0, 0), (1, 3), (1, 1)] || area : -3.000000 ||[2, 0, 13, 5] 
poly 217 || [(2, 0), (0, 0), (1, 1), (2, 3)] || area : -5.500000 ||[2, 0, 5, 14] 
poly 218 || [(2, 0), (0, 0), (1, 1), (3, 3)] || area : -6.000000 ||[2, 0, 5, 15] 
poly 219 || [(2, 0), (0, 0), (2, 1), (3, 1)] || area : -2.500000 ||[2, 0, 6, 7] 
poly 220 || [(2, 0), (0, 0), (0, 2), (2, 1)] || area : -4.000000 ||[2, 0, 8, 6] 
poly 221 || [(2, 0), (0, 0), (1, 2), (2, 1)] || area : -3.500000 ||[2, 0, 9, 6] 
poly 222 || [(2, 0), (0, 0), (2, 2), (2, 1)] || area : -3.000000 ||[2, 0, 10, 6] 
poly 223 || [(2, 0), (0, 0), (2, 1), (3, 2)] || area : -3.500000 ||[2, 0, 6, 11] 
poly 224 || [(2, 0), (0, 0), (0, 3), (2, 1)] || area : -5.000000 ||[2, 0, 12, 6] 
poly 225 || [(2, 0), (0, 0), (1, 3), (2, 1)] || area : -4.500000 ||[2, 0, 13, 6] 
poly 226 || [(2, 0), (0, 0), (2, 3), (2, 1)] || area : -4.000000 ||[2, 0, 14, 6] 
poly 227 || [(2, 0), (0, 0), (3, 3), (2, 1)] || area : -3.500000 ||[2, 0, 15, 6] 
poly 228 || [(2, 0), (0, 0), (0, 2), (3, 1)] || area : -5.000000 ||[2, 0, 8, 7] 
poly 229 || [(2, 0), (0, 0), (1, 2), (3, 1)] || area : -4.500000 ||[2, 0, 9, 7] 
poly 230 || [(2, 0), (0, 0), (2, 2), (3, 1)] || area : -4.000000 ||[2, 0, 10, 7] 
poly 231 || [(2, 0), (0, 0), (3, 2), (3, 1)] || area : -3.500000 ||[2, 0, 11, 7] 
poly 232 || [(2, 0), (0, 0), (0, 3), (3, 1)] || area : -6.500000 ||[2, 0, 12, 7] 
poly 233 || [(2, 0), (0, 0), (1, 3), (3, 1)] || area : -6.000000 ||[2, 0, 13, 7] 
poly 234 || [(2, 0), (0, 0), (2, 3), (3, 1)] || area : -5.500000 ||[2, 0, 14, 7] 
poly 235 || [(2, 0), (0, 0), (3, 3), (3, 1)] || area : -5.000000 ||[2, 0, 15, 7] 
poly 236 || [(2, 0), (0, 0), (0, 2), (1, 2)] || area : -5.000000 ||[2, 0, 8, 9] 
poly 237 || [(2, 0), (0, 0), (0, 2), (2, 2)] || area : -6.000000 ||[2, 0, 8, 10] 
poly 238 || [(2, 0), (0, 0), (0, 2), (3, 2)] || area : -7.000000 ||[2, 0, 8, 11] 
poly 239 || [(2, 0), (0, 0), (0, 2), (0, 3)] || area : -6.000000 ||[2, 0, 8, 12] 
poly 240 || [(2, 0), (0, 0), (0, 2), (1, 3)] || area : -7.000000 ||[2, 0, 8, 13] 
poly 241 || [(2, 0), (0, 0), (0, 2), (2, 3)] || area : -8.000000 ||[2, 0, 8, 14] 
poly 242 || [(2, 0), (0, 0), (0, 2), (3, 3)] || area : -9.000000 ||[2, 0, 8, 15] 
poly 243 || [(2, 0), (0, 0), (1, 2), (1, 1)] || area : -2.500000 ||[2, 0, 9, 5] 
poly 244 || [(2, 0), (0, 0), (1, 2), (2, 2)] || area : -5.000000 ||[2, 0, 9, 10] 
poly 245 || [(2, 0), (0, 0), (1, 2), (3, 2)] || area : -6.000000 ||[2, 0, 9, 11] 
poly 246 || [(2, 0), (0, 0), (0, 3), (1, 2)] || area : -5.500000 ||[2, 0, 12, 9] 
poly 247 || [(2, 0), (0, 0), (1, 2), (1, 3)] || area : -5.500000 ||[2, 0, 9, 13] 
poly 248 || [(2, 0), (0, 0), (1, 2), (2, 3)] || area : -6.500000 ||[2, 0, 9, 14] 
poly 249 || [(2, 0), (0, 0), (1, 2), (3, 3)] || area : -7.500000 ||[2, 0, 9, 15] 
poly 250 || [(2, 0), (0, 0), (2, 2), (3, 2)] || area : -5.000000 ||[2, 0, 10, 11] 
poly 251 || [(2, 0), (0, 0), (0, 3), (2, 2)] || area : -7.000000 ||[2, 0, 12, 10] 
poly 252 || [(2, 0), (0, 0), (1, 3), (2, 2)] || area : -6.000000 ||[2, 0, 13, 10] 
poly 253 || [(2, 0), (0, 0), (2, 3), (2, 2)] || area : -5.000000 ||[2, 0, 14, 10] 
poly 254 || [(2, 0), (0, 0), (2, 2), (3, 3)] || area : -6.000000 ||[2, 0, 10, 15] 
poly 255 || [(2, 0), (0, 0), (3, 2), (2, 1)] || area : -2.500000 ||[2, 0, 11, 6] 
poly 256 || [(2, 0), (0, 0), (0, 3), (3, 2)] || area : -8.500000 ||[2, 0, 12, 11] 
poly 257 || [(2, 0), (0, 0), (1, 3), (3, 2)] || area : -7.500000 ||[2, 0, 13, 11] 
poly 258 || [(2, 0), (0, 0), (2, 3), (3, 2)] || area : -6.500000 ||[2, 0, 14, 11] 
poly 259 || [(2, 0), (0, 0), (3, 3), (3, 2)] || area : -5.500000 ||[2, 0, 15, 11] 
poly 260 || [(2, 0), (0, 0), (0, 3), (1, 3)] || area : -7.500000 ||[2, 0, 12, 13] 
poly 261 || [(2, 0), (0, 0), (0, 3), (2, 3)] || area : -9.000000 ||[2, 0, 12, 14] 
poly 262 || [(2, 0), (0, 0), (0, 3), (3, 3)] || area : -10.500000 ||[2, 0, 12, 15] 
poly 263 || [(2, 0), (0, 0), (1, 3), (1, 2)] || area : -4.500000 ||[2, 0, 13, 9] 
poly 264 || [(2, 0), (0, 0), (1, 3), (2, 3)] || area : -7.500000 ||[2, 0, 13, 14] 
poly 265 || [(2, 0), (0, 0), (1, 3), (3, 3)] || area : -9.000000 ||[2, 0, 13, 15] 
poly 266 || [(2, 0), (0, 0), (2, 3), (3, 3)] || area : -7.500000 ||[2, 0, 14, 15] 
poly 267 || [(3, 0), (0, 0), (0, 1), (1, 1)] || area : -3.500000 ||[3, 0, 4, 5] 
poly 268 || [(3, 0), (0, 0), (0, 1), (2, 1)] || area : -4.000000 ||[3, 0, 4, 6] 
poly 269 || [(3, 0), (0, 0), (0, 1), (3, 1)] || area : -4.500000 ||[3, 0, 4, 7] 
poly 270 || [(3, 0), (0, 0), (0, 1), (0, 2)] || area : -6.000000 ||[3, 0, 4, 8] 
poly 271 || [(3, 0), (0, 0), (0, 1), (1, 2)] || area : -6.500000 ||[3, 0, 4, 9] 
poly 272 || [(3, 0), (0, 0), (0, 1), (2, 2)] || area : -7.000000 ||[3, 0, 4, 10] 
poly 273 || [(3, 0), (0, 0), (0, 1), (3, 2)] || area : -7.500000 ||[3, 0, 4, 11] 
poly 274 || [(3, 0), (0, 0), (0, 1), (0, 3)] || area : -9.000000 ||[3, 0, 4, 12] 
poly 275 || [(3, 0), (0, 0), (0, 1), (1, 3)] || area : -9.500000 ||[3, 0, 4, 13] 
poly 276 || [(3, 0), (0, 0), (0, 1), (2, 3)] || area : -10.000000 ||[3, 0, 4, 14] 
poly 277 || [(3, 0), (0, 0), (0, 1), (3, 3)] || area : -10.500000 ||[3, 0, 4, 15] 
poly 278 || [(3, 0), (0, 0), (1, 1), (2, 1)] || area : -3.500000 ||[3, 0, 5, 6] 
poly 279 || [(3, 0), (0, 0), (1, 1), (3, 1)] || area : -4.000000 ||[3, 0, 5, 7] 
poly 280 || [(3, 0), (0, 0), (0, 2), (1, 1)] || area : -4.000000 ||[3, 0, 8, 5] 
poly 281 || [(3, 0), (0, 0), (1, 1), (1, 2)] || area : -5.500000 ||[3, 0, 5, 9] 
poly 282 || [(3, 0), (0, 0), (1, 1), (2, 2)] || area : -6.000000 ||[3, 0, 5, 10] 
poly 283 || [(3, 0), (0, 0), (1, 1), (3, 2)] || area : -6.500000 ||[3, 0, 5, 11] 
poly 284 || [(3, 0), (0, 0), (0, 3), (1, 1)] || area : -4.500000 ||[3, 0, 12, 5] 
poly 285 || [(3, 0), (0, 0), (1, 1), (1, 3)] || area : -8.000000 ||[3, 0, 5, 13] 
poly 286 || [(3, 0), (0, 0), (1, 1), (2, 3)] || area : -8.500000 ||[3, 0, 5, 14] 
poly 287 || [(3, 0), (0, 0), (1, 1), (3, 3)] || area : -9.000000 ||[3, 0, 5, 15] 
poly 288 || [(3, 0), (0, 0), (2, 1), (3, 1)] || area : -3.500000 ||[3, 0, 6, 7] 
poly 289 || [(3, 0), (0, 0), (0, 2), (2, 1)] || area : -5.000000 ||[3, 0, 8, 6] 
poly 290 || [(3, 0), (0, 0), (1, 2), (2, 1)] || area : -4.500000 ||[3, 0, 9, 6] 
poly 291 || [(3, 0), (0, 0), (2, 2), (2, 1)] || area : -4.000000 ||[3, 0, 10, 6] 
poly 292 || [(3, 0), (0, 0), (2, 1), (3, 2)] || area : -5.500000 ||[3, 0, 6, 11] 
poly 293 || [(3, 0), (0, 0), (0, 3), (2, 1)] || area : -6.000000 ||[3, 0, 12, 6] 
poly 294 || [(3, 0), (0, 0), (1, 3), (2, 1)] || area : -5.500000 ||[3, 0, 13, 6] 
poly 295 || [(3, 0), (0, 0), (2, 3), (2, 1)] || area : -5.000000 ||[3, 0, 14, 6] 
poly 296 || [(3, 0), (0, 0), (3, 3), (2, 1)] || area : -4.500000 ||[3, 0, 15, 6] 
poly 297 || [(3, 0), (0, 0), (0, 2), (3, 1)] || area : -6.000000 ||[3, 0, 8, 7] 
poly 298 || [(3, 0), (0, 0), (1, 2), (3, 1)] || area : -5.500000 ||[3, 0, 9, 7] 
poly 299 || [(3, 0), (0, 0), (2, 2), (3, 1)] || area : -5.000000 ||[3, 0, 10, 7] 
poly 300 || [(3, 0), (0, 0), (3, 2), (3, 1)] || area : -4.500000 ||[3, 0, 11, 7] 
poly 301 || [(3, 0), (0, 0), (0, 3), (3, 1)] || area : -7.500000 ||[3, 0, 12, 7] 
poly 302 || [(3, 0), (0, 0), (1, 3), (3, 1)] || area : -7.000000 ||[3, 0, 13, 7] 
poly 303 || [(3, 0), (0, 0), (2, 3), (3, 1)] || area : -6.500000 ||[3, 0, 14, 7] 
poly 304 || [(3, 0), (0, 0), (3, 3), (3, 1)] || area : -6.000000 ||[3, 0, 15, 7] 
poly 305 || [(3, 0), (0, 0), (0, 2), (1, 2)] || area : -7.000000 ||[3, 0, 8, 9] 
poly 306 || [(3, 0), (0, 0), (0, 2), (2, 2)] || area : -8.000000 ||[3, 0, 8, 10] 
poly 307 || [(3, 0), (0, 0), (0, 2), (3, 2)] || area : -9.000000 ||[3, 0, 8, 11] 
poly 308 || [(3, 0), (0, 0), (0, 2), (0, 3)] || area : -9.000000 ||[3, 0, 8, 12] 
poly 309 || [(3, 0), (0, 0), (0, 2), (1, 3)] || area : -10.000000 ||[3, 0, 8, 13] 
poly 310 || [(3, 0), (0, 0), (0, 2), (2, 3)] || area : -11.000000 ||[3, 0, 8, 14] 
poly 311 || [(3, 0), (0, 0), (0, 2), (3, 3)] || area : -12.000000 ||[3, 0, 8, 15] 
poly 312 || [(3, 0), (0, 0), (1, 2), (2, 2)] || area : -7.000000 ||[3, 0, 9, 10] 
poly 313 || [(3, 0), (0, 0), (1, 2), (3, 2)] || area : -8.000000 ||[3, 0, 9, 11] 
poly 314 || [(3, 0), (0, 0), (0, 3), (1, 2)] || area : -7.500000 ||[3, 0, 12, 9] 
poly 315 || [(3, 0), (0, 0), (1, 2), (1, 3)] || area : -8.500000 ||[3, 0, 9, 13] 
poly 316 || [(3, 0), (0, 0), (1, 2), (2, 3)] || area : -9.500000 ||[3, 0, 9, 14] 
poly 317 || [(3, 0), (0, 0), (1, 2), (3, 3)] || area : -10.500000 ||[3, 0, 9, 15] 
poly 318 || [(3, 0), (0, 0), (2, 2), (3, 2)] || area : -7.000000 ||[3, 0, 10, 11] 
poly 319 || [(3, 0), (0, 0), (0, 3), (2, 2)] || area : -9.000000 ||[3, 0, 12, 10] 
poly 320 || [(3, 0), (0, 0), (1, 3), (2, 2)] || area : -8.000000 ||[3, 0, 13, 10] 
poly 321 || [(3, 0), (0, 0), (2, 3), (2, 2)] || area : -7.000000 ||[3, 0, 14, 10] 
poly 322 || [(3, 0), (0, 0), (2, 2), (3, 3)] || area : -9.000000 ||[3, 0, 10, 15] 
poly 323 || [(3, 0), (0, 0), (0, 3), (3, 2)] || area : -10.500000 ||[3, 0, 12, 11] 
poly 324 || [(3, 0), (0, 0), (1, 3), (3, 2)] || area : -9.500000 ||[3, 0, 13, 11] 
poly 325 || [(3, 0), (0, 0), (2, 3), (3, 2)] || area : -8.500000 ||[3, 0, 14, 11] 
poly 326 || [(3, 0), (0, 0), (3, 3), (3, 2)] || area : -7.500000 ||[3, 0, 15, 11] 
poly 327 || [(3, 0), (0, 0), (0, 3), (1, 3)] || area : -10.500000 ||[3, 0, 12, 13] 
poly 328 || [(3, 0), (0, 0), (0, 3), (2, 3)] || area : -12.000000 ||[3, 0, 12, 14] 
poly 329 || [(3, 0), (0, 0), (0, 3), (3, 3)] || area : -13.500000 ||[3, 0, 12, 15] 
poly 330 || [(3, 0), (0, 0), (1, 3), (2, 3)] || area : -10.500000 ||[3, 0, 13, 14] 
poly 331 || [(3, 0), (0, 0), (1, 3), (3, 3)] || area : -12.000000 ||[3, 0, 13, 15] 
poly 332 || [(3, 0), (0, 0), (2, 3), (3, 3)] || area : -10.500000 ||[3, 0, 14, 15] 
poly 333 || [(0, 0), (0, 1), (1, 1), (2, 1)] || area : -1.000000 ||[0, 4, 5, 6] 
poly 334 || [(0, 0), (0, 1), (1, 1), (3, 1)] || area : -1.500000 ||[0, 4, 5, 7] 
poly 335 || [(0, 0), (0, 1), (0, 2), (1, 1)] || area : -1.000000 ||[0, 4, 8, 5] 
poly 336 || [(0, 0), (0, 1), (1, 2), (1, 1)] || area : -1.000000 ||[0, 4, 9, 5] 
poly 337 || [(0, 0), (0, 1), (2, 2), (1, 1)] || area : -1.000000 ||[0, 4, 10, 5] 
poly 338 || [(0, 0), (0, 1), (3, 2), (1, 1)] || area : -1.000000 ||[0, 4, 11, 5] 
poly 339 || [(1, 1), (0, 0), (0, 1), (0, 3)] || area : -3.000000 ||[5, 0, 4, 12] 
poly 340 || [(1, 1), (0, 0), (0, 1), (1, 3)] || area : -2.500000 ||[5, 0, 4, 13] 
poly 341 || [(1, 1), (0, 0), (0, 1), (2, 3)] || area : -2.000000 ||[5, 0, 4, 14] 
poly 342 || [(1, 1), (0, 0), (0, 1), (3, 3)] || area : -1.500000 ||[5, 0, 4, 15] 
poly 343 || [(0, 0), (0, 1), (2, 1), (3, 1)] || area : -1.500000 ||[0, 4, 6, 7] 
poly 344 || [(0, 0), (0, 1), (0, 2), (2, 1)] || area : -2.000000 ||[0, 4, 8, 6] 
poly 345 || [(0, 0), (0, 1), (1, 2), (2, 1)] || area : -2.000000 ||[0, 4, 9, 6] 
poly 346 || [(0, 0), (0, 1), (2, 2), (2, 1)] || area : -2.000000 ||[0, 4, 10, 6] 
poly 347 || [(0, 0), (0, 1), (3, 2), (2, 1)] || area : -2.000000 ||[0, 4, 11, 6] 
poly 348 || [(2, 1), (0, 0), (0, 1), (0, 3)] || area : -6.000000 ||[6, 0, 4, 12] 
poly 349 || [(2, 1), (0, 0), (0, 1), (1, 3)] || area : -5.500000 ||[6, 0, 4, 13] 
poly 350 || [(2, 1), (0, 0), (0, 1), (2, 3)] || area : -5.000000 ||[6, 0, 4, 14] 
poly 351 || [(2, 1), (0, 0), (0, 1), (3, 3)] || area : -4.500000 ||[6, 0, 4, 15] 
poly 352 || [(0, 0), (0, 1), (0, 2), (3, 1)] || area : -3.000000 ||[0, 4, 8, 7] 
poly 353 || [(0, 0), (0, 1), (1, 2), (3, 1)] || area : -3.000000 ||[0, 4, 9, 7] 
poly 354 || [(0, 0), (0, 1), (2, 2), (3, 1)] || area : -3.000000 ||[0, 4, 10, 7] 
poly 355 || [(0, 0), (0, 1), (3, 2), (3, 1)] || area : -3.000000 ||[0, 4, 11, 7] 
poly 356 || [(3, 1), (0, 0), (0, 1), (0, 3)] || area : -9.000000 ||[7, 0, 4, 12] 
poly 357 || [(3, 1), (0, 0), (0, 1), (1, 3)] || area : -8.500000 ||[7, 0, 4, 13] 
poly 358 || [(3, 1), (0, 0), (0, 1), (2, 3)] || area : -8.000000 ||[7, 0, 4, 14] 
poly 359 || [(3, 1), (0, 0), (0, 1), (3, 3)] || area : -7.500000 ||[7, 0, 4, 15] 
poly 360 || [(0, 0), (0, 1), (0, 2), (1, 2)] || area : -1.000000 ||[0, 4, 8, 9] 
poly 361 || [(0, 0), (0, 1), (0, 2), (2, 2)] || area : -2.000000 ||[0, 4, 8, 10] 
poly 362 || [(0, 0), (0, 1), (0, 2), (3, 2)] || area : -3.000000 ||[0, 4, 8, 11] 
poly 363 || [(0, 0), (0, 1), (0, 2), (1, 3)] || area : -1.000000 ||[0, 4, 8, 13] 
poly 364 || [(0, 0), (0, 1), (0, 2), (2, 3)] || area : -2.000000 ||[0, 4, 8, 14] 
poly 365 || [(0, 0), (0, 1), (0, 2), (3, 3)] || area : -3.000000 ||[0, 4, 8, 15] 
poly 366 || [(0, 0), (0, 1), (1, 2), (2, 2)] || area : -1.500000 ||[0, 4, 9, 10] 
poly 367 || [(0, 0), (0, 1), (1, 2), (3, 2)] || area : -2.500000 ||[0, 4, 9, 11] 
poly 368 || [(0, 0), (0, 1), (0, 3), (1, 2)] || area : -1.500000 ||[0, 4, 12, 9] 
poly 369 || [(0, 0), (0, 1), (1, 3), (1, 2)] || area : -1.000000 ||[0, 4, 13, 9] 
poly 370 || [(0, 0), (0, 1), (1, 2), (2, 3)] || area : -1.000000 ||[0, 4, 9, 14] 
poly 371 || [(0, 0), (0, 1), (1, 2), (3, 3)] || area : -2.000000 ||[0, 4, 9, 15] 
poly 372 || [(0, 0), (0, 1), (2, 2), (3, 2)] || area : -2.000000 ||[0, 4, 10, 11] 
poly 373 || [(0, 0), (0, 1), (0, 3), (2, 2)] || area : -3.000000 ||[0, 4, 12, 10] 
poly 374 || [(0, 0), (0, 1), (1, 3), (2, 2)] || area : -2.500000 ||[0, 4, 13, 10] 
poly 375 || [(0, 0), (0, 1), (2, 3), (2, 2)] || area : -2.000000 ||[0, 4, 14, 10] 
poly 376 || [(0, 0), (0, 1), (3, 3), (2, 2)] || area : -1.500000 ||[0, 4, 15, 10] 
poly 377 || [(0, 0), (0, 1), (0, 3), (3, 2)] || area : -4.500000 ||[0, 4, 12, 11] 
poly 378 || [(0, 0), (0, 1), (1, 3), (3, 2)] || area : -4.000000 ||[0, 4, 13, 11] 
poly 379 || [(0, 0), (0, 1), (2, 3), (3, 2)] || area : -3.500000 ||[0, 4, 14, 11] 
poly 380 || [(0, 0), (0, 1), (3, 3), (3, 2)] || area : -3.000000 ||[0, 4, 15, 11] 
poly 381 || [(0, 0), (0, 1), (0, 3), (1, 3)] || area : -1.500000 ||[0, 4, 12, 13] 
poly 382 || [(0, 0), (0, 1), (0, 3), (2, 3)] || area : -3.000000 ||[0, 4, 12, 14] 
poly 383 || [(0, 0), (0, 1), (0, 3), (3, 3)] || area : -4.500000 ||[0, 4, 12, 15] 
poly 384 || [(0, 0), (0, 1), (1, 3), (2, 3)] || area : -2.000000 ||[0, 4, 13, 14] 
poly 385 || [(0, 0), (0, 1), (1, 3), (3, 3)] || area : -3.500000 ||[0, 4, 13, 15] 
poly 386 || [(0, 0), (0, 1), (2, 3), (3, 3)] || area : -2.500000 ||[0, 4, 14, 15] 
poly 387 || [(0, 0), (1, 1), (2, 1), (3, 1)] || area : -1.000000 ||[0, 5, 6, 7] 
poly 388 || [(0, 0), (0, 2), (1, 1), (2, 1)] || area : -1.500000 ||[0, 8, 5, 6] 
poly 389 || [(0, 0), (1, 2), (1, 1), (2, 1)] || area : -1.000000 ||[0, 9, 5, 6] 
poly 390 || [(0, 0), (1, 1), (2, 2), (2, 1)] || area : -1.000000 ||[0, 5, 10, 6] 
poly 391 || [(0, 0), (1, 1), (3, 2), (2, 1)] || area : -1.000000 ||[0, 5, 11, 6] 
poly 392 || [(2, 1), (1, 1), (0, 0), (0, 3)] || area : -5.500000 ||[6, 5, 0, 12] 
poly 393 || [(2, 1), (1, 1), (0, 0), (1, 3)] || area : -4.500000 ||[6, 5, 0, 13] 
poly 394 || [(2, 1), (0, 0), (1, 1), (2, 3)] || area : -3.500000 ||[6, 0, 5, 14] 
poly 395 || [(2, 1), (0, 0), (1, 1), (3, 3)] || area : -3.000000 ||[6, 0, 5, 15] 
poly 396 || [(0, 0), (0, 2), (1, 1), (3, 1)] || area : -2.000000 ||[0, 8, 5, 7] 
poly 397 || [(0, 0), (1, 1), (1, 2), (3, 1)] || area : -2.000000 ||[0, 5, 9, 7] 
poly 398 || [(0, 0), (1, 1), (2, 2), (3, 1)] || area : -2.000000 ||[0, 5, 10, 7] 
poly 399 || [(0, 0), (1, 1), (3, 2), (3, 1)] || area : -2.000000 ||[0, 5, 11, 7] 
poly 400 || [(3, 1), (1, 1), (0, 0), (0, 3)] || area : -8.000000 ||[7, 5, 0, 12] 
poly 401 || [(3, 1), (0, 0), (1, 1), (1, 3)] || area : -7.000000 ||[7, 0, 5, 13] 
poly 402 || [(3, 1), (0, 0), (1, 1), (2, 3)] || area : -6.500000 ||[7, 0, 5, 14] 
poly 403 || [(3, 1), (0, 0), (1, 1), (3, 3)] || area : -6.000000 ||[7, 0, 5, 15] 
poly 404 || [(1, 1), (0, 0), (0, 2), (1, 2)] || area : -2.000000 ||[5, 0, 8, 9] 
poly 405 || [(1, 1), (0, 0), (0, 2), (2, 2)] || area : -2.000000 ||[5, 0, 8, 10] 
poly 406 || [(1, 1), (0, 0), (0, 2), (3, 2)] || area : -2.000000 ||[5, 0, 8, 11] 
poly 407 || [(1, 1), (0, 0), (0, 2), (0, 3)] || area : -3.000000 ||[5, 0, 8, 12] 
poly 408 || [(1, 1), (0, 0), (0, 2), (1, 3)] || area : -3.000000 ||[5, 0, 8, 13] 
poly 409 || [(1, 1), (0, 0), (0, 2), (2, 3)] || area : -3.000000 ||[5, 0, 8, 14] 
poly 410 || [(1, 1), (0, 0), (0, 2), (3, 3)] || area : -3.000000 ||[5, 0, 8, 15] 
poly 411 || [(1, 1), (0, 0), (1, 2), (2, 2)] || area : -1.000000 ||[5, 0, 9, 10] 
poly 412 || [(0, 0), (1, 1), (1, 2), (3, 2)] || area : -1.500000 ||[0, 5, 9, 11] 
poly 413 || [(1, 1), (0, 0), (0, 3), (1, 2)] || area : -2.500000 ||[5, 0, 12, 9] 
poly 414 || [(1, 1), (0, 0), (1, 3), (1, 2)] || area : -1.500000 ||[5, 0, 13, 9] 
poly 415 || [(1, 1), (0, 0), (1, 2), (2, 3)] || area : -1.500000 ||[5, 0, 9, 14] 
poly 416 || [(1, 1), (0, 0), (1, 2), (3, 3)] || area : -1.500000 ||[5, 0, 9, 15] 
poly 417 || [(0, 0), (1, 1), (2, 2), (3, 2)] || area : -1.000000 ||[0, 5, 10, 11] 
poly 418 || [(1, 1), (0, 0), (0, 3), (2, 2)] || area : -3.000000 ||[5, 0, 12, 10] 
poly 419 || [(1, 1), (0, 0), (1, 3), (2, 2)] || area : -2.000000 ||[5, 0, 13, 10] 
poly 420 || [(1, 1), (0, 0), (2, 3), (2, 2)] || area : -1.000000 ||[5, 0, 14, 10] 
poly 421 || [(1, 1), (0, 0), (0, 3), (3, 2)] || area : -3.500000 ||[5, 0, 12, 11] 
poly 422 || [(1, 1), (0, 0), (1, 3), (3, 2)] || area : -2.500000 ||[5, 0, 13, 11] 
poly 423 || [(0, 0), (1, 1), (2, 3), (3, 2)] || area : -2.000000 ||[0, 5, 14, 11] 
poly 424 || [(0, 0), (1, 1), (3, 3), (3, 2)] || area : -1.500000 ||[0, 5, 15, 11] 
poly 425 || [(1, 1), (0, 0), (0, 3), (1, 3)] || area : -3.500000 ||[5, 0, 12, 13] 
poly 426 || [(1, 1), (0, 0), (0, 3), (2, 3)] || area : -4.000000 ||[5, 0, 12, 14] 
poly 427 || [(1, 1), (0, 0), (0, 3), (3, 3)] || area : -4.500000 ||[5, 0, 12, 15] 
poly 428 || [(1, 1), (0, 0), (1, 3), (2, 3)] || area : -2.500000 ||[5, 0, 13, 14] 
poly 429 || [(1, 1), (0, 0), (1, 3), (3, 3)] || area : -3.000000 ||[5, 0, 13, 15] 
poly 430 || [(1, 1), (0, 0), (2, 3), (3, 3)] || area : -1.500000 ||[5, 0, 14, 15] 
poly 431 || [(0, 0), (0, 2), (2, 1), (1, 1)] || area : -1.500000 ||[0, 8, 6, 5] 
poly 432 || [(0, 0), (1, 2), (2, 1), (1, 1)] || area : -1.000000 ||[0, 9, 6, 5] 
poly 433 || [(0, 0), (0, 2), (2, 1), (3, 1)] || area : -2.500000 ||[0, 8, 6, 7] 
poly 434 || [(0, 0), (1, 2), (2, 1), (3, 1)] || area : -2.000000 ||[0, 9, 6, 7] 
poly 435 || [(0, 0), (2, 2), (2, 1), (3, 1)] || area : -1.500000 ||[0, 10, 6, 7] 
poly 436 || [(0, 0), (3, 2), (2, 1), (3, 1)] || area : -1.000000 ||[0, 11, 6, 7] 
poly 437 || [(3, 1), (2, 1), (0, 0), (0, 3)] || area : -8.500000 ||[7, 6, 0, 12] 
poly 438 || [(3, 1), (2, 1), (0, 0), (1, 3)] || area : -7.500000 ||[7, 6, 0, 13] 
poly 439 || [(3, 1), (2, 1), (0, 0), (2, 3)] || area : -6.500000 ||[7, 6, 0, 14] 
poly 440 || [(3, 1), (2, 1), (0, 0), (3, 3)] || area : -5.500000 ||[7, 6, 0, 15] 
poly 441 || [(2, 1), (0, 0), (0, 2), (1, 2)] || area : -4.000000 ||[6, 0, 8, 9] 
poly 442 || [(2, 1), (0, 0), (0, 2), (2, 2)] || area : -4.000000 ||[6, 0, 8, 10] 
poly 443 || [(2, 1), (0, 0), (0, 2), (3, 2)] || area : -4.000000 ||[6, 0, 8, 11] 
poly 444 || [(2, 1), (0, 0), (0, 2), (0, 3)] || area : -6.000000 ||[6, 0, 8, 12] 
poly 445 || [(2, 1), (0, 0), (0, 2), (1, 3)] || area : -6.000000 ||[6, 0, 8, 13] 
poly 446 || [(2, 1), (0, 0), (0, 2), (2, 3)] || area : -6.000000 ||[6, 0, 8, 14] 
poly 447 || [(2, 1), (0, 0), (0, 2), (3, 3)] || area : -6.000000 ||[6, 0, 8, 15] 
poly 448 || [(2, 1), (0, 0), (1, 2), (2, 2)] || area : -3.000000 ||[6, 0, 9, 10] 
poly 449 || [(2, 1), (0, 0), (1, 2), (3, 2)] || area : -3.000000 ||[6, 0, 9, 11] 
poly 450 || [(2, 1), (0, 0), (0, 3), (1, 2)] || area : -4.500000 ||[6, 0, 12, 9] 
poly 451 || [(2, 1), (0, 0), (1, 2), (1, 3)] || area : -4.500000 ||[6, 0, 9, 13] 
poly 452 || [(2, 1), (0, 0), (1, 2), (2, 3)] || area : -4.500000 ||[6, 0, 9, 14] 
poly 453 || [(2, 1), (0, 0), (1, 2), (3, 3)] || area : -4.500000 ||[6, 0, 9, 15] 
poly 454 || [(2, 1), (0, 0), (2, 2), (3, 2)] || area : -2.000000 ||[6, 0, 10, 11] 
poly 455 || [(2, 1), (0, 0), (0, 3), (2, 2)] || area : -5.000000 ||[6, 0, 12, 10] 
poly 456 || [(2, 1), (0, 0), (1, 3), (2, 2)] || area : -4.000000 ||[6, 0, 13, 10] 
poly 457 || [(2, 1), (0, 0), (2, 3), (2, 2)] || area : -3.000000 ||[6, 0, 14, 10] 
poly 458 || [(2, 1), (0, 0), (2, 2), (3, 3)] || area : -3.000000 ||[6, 0, 10, 15] 
poly 459 || [(2, 1), (0, 0), (0, 3), (3, 2)] || area : -5.500000 ||[6, 0, 12, 11] 
poly 460 || [(2, 1), (0, 0), (1, 3), (3, 2)] || area : -4.500000 ||[6, 0, 13, 11] 
poly 461 || [(2, 1), (0, 0), (2, 3), (3, 2)] || area : -3.500000 ||[6, 0, 14, 11] 
poly 462 || [(2, 1), (0, 0), (3, 3), (3, 2)] || area : -2.500000 ||[6, 0, 15, 11] 
poly 463 || [(2, 1), (0, 0), (0, 3), (1, 3)] || area : -6.500000 ||[6, 0, 12, 13] 
poly 464 || [(2, 1), (0, 0), (0, 3), (2, 3)] || area : -7.000000 ||[6, 0, 12, 14] 
poly 465 || [(2, 1), (0, 0), (0, 3), (3, 3)] || area : -7.500000 ||[6, 0, 12, 15] 
poly 466 || [(2, 1), (0, 0), (1, 3), (1, 2)] || area : -3.500000 ||[6, 0, 13, 9] 
poly 467 || [(2, 1), (0, 0), (1, 3), (2, 3)] || area : -5.500000 ||[6, 0, 13, 14] 
poly 468 || [(2, 1), (0, 0), (1, 3), (3, 3)] || area : -6.000000 ||[6, 0, 13, 15] 
poly 469 || [(2, 1), (0, 0), (2, 3), (3, 3)] || area : -4.500000 ||[6, 0, 14, 15] 
poly 470 || [(0, 0), (0, 2), (3, 1), (1, 1)] || area : -2.000000 ||[0, 8, 7, 5] 
poly 471 || [(0, 0), (0, 2), (3, 1), (2, 1)] || area : -2.500000 ||[0, 8, 7, 6] 
poly 472 || [(0, 0), (1, 2), (3, 1), (2, 1)] || area : -2.000000 ||[0, 9, 7, 6] 
poly 473 || [(0, 0), (2, 2), (3, 1), (2, 1)] || area : -1.500000 ||[0, 10, 7, 6] 
poly 474 || [(0, 0), (3, 2), (3, 1), (2, 1)] || area : -1.000000 ||[0, 11, 7, 6] 
poly 475 || [(3, 1), (0, 0), (0, 2), (1, 2)] || area : -6.000000 ||[7, 0, 8, 9] 
poly 476 || [(3, 1), (0, 0), (0, 2), (2, 2)] || area : -6.000000 ||[7, 0, 8, 10] 
poly 477 || [(3, 1), (0, 0), (0, 2), (3, 2)] || area : -6.000000 ||[7, 0, 8, 11] 
poly 478 || [(3, 1), (0, 0), (0, 2), (0, 3)] || area : -9.000000 ||[7, 0, 8, 12] 
poly 479 || [(3, 1), (0, 0), (0, 2), (1, 3)] || area : -9.000000 ||[7, 0, 8, 13] 
poly 480 || [(3, 1), (0, 0), (0, 2), (2, 3)] || area : -9.000000 ||[7, 0, 8, 14] 
poly 481 || [(3, 1), (0, 0), (0, 2), (3, 3)] || area : -9.000000 ||[7, 0, 8, 15] 
poly 482 || [(3, 1), (0, 0), (1, 2), (2, 2)] || area : -5.000000 ||[7, 0, 9, 10] 
poly 483 || [(3, 1), (0, 0), (1, 2), (3, 2)] || area : -5.000000 ||[7, 0, 9, 11] 
poly 484 || [(3, 1), (0, 0), (0, 3), (1, 2)] || area : -6.500000 ||[7, 0, 12, 9] 
poly 485 || [(3, 1), (0, 0), (1, 2), (1, 3)] || area : -7.500000 ||[7, 0, 9, 13] 
poly 486 || [(3, 1), (0, 0), (1, 2), (2, 3)] || area : -7.500000 ||[7, 0, 9, 14] 
poly 487 || [(3, 1), (0, 0), (1, 2), (3, 3)] || area : -7.500000 ||[7, 0, 9, 15] 
poly 488 || [(3, 1), (0, 0), (2, 2), (3, 2)] || area : -4.000000 ||[7, 0, 10, 11] 
poly 489 || [(3, 1), (0, 0), (0, 3), (2, 2)] || area : -7.000000 ||[7, 0, 12, 10] 
poly 490 || [(3, 1), (0, 0), (1, 3), (2, 2)] || area : -6.000000 ||[7, 0, 13, 10] 
poly 491 || [(3, 1), (0, 0), (2, 3), (2, 2)] || area : -5.000000 ||[7, 0, 14, 10] 
poly 492 || [(3, 1), (0, 0), (2, 2), (3, 3)] || area : -6.000000 ||[7, 0, 10, 15] 
poly 493 || [(3, 1), (0, 0), (0, 3), (3, 2)] || area : -7.500000 ||[7, 0, 12, 11] 
poly 494 || [(3, 1), (0, 0), (1, 3), (3, 2)] || area : -6.500000 ||[7, 0, 13, 11] 
poly 495 || [(3, 1), (0, 0), (2, 3), (3, 2)] || area : -5.500000 ||[7, 0, 14, 11] 
poly 496 || [(3, 1), (0, 0), (3, 3), (3, 2)] || area : -4.500000 ||[7, 0, 15, 11] 
poly 497 || [(3, 1), (0, 0), (0, 3), (1, 3)] || area : -9.500000 ||[7, 0, 12, 13] 
poly 498 || [(3, 1), (0, 0), (0, 3), (2, 3)] || area : -10.000000 ||[7, 0, 12, 14] 
poly 499 || [(3, 1), (0, 0), (0, 3), (3, 3)] || area : -10.500000 ||[7, 0, 12, 15] 
poly 500 || [(3, 1), (0, 0), (1, 3), (2, 3)] || area : -8.500000 ||[7, 0, 13, 14] 
poly 501 || [(3, 1), (0, 0), (1, 3), (3, 3)] || area : -9.000000 ||[7, 0, 13, 15] 
poly 502 || [(3, 1), (0, 0), (2, 3), (3, 3)] || area : -7.500000 ||[7, 0, 14, 15] 
poly 503 || [(0, 0), (0, 2), (1, 2), (2, 2)] || area : -2.000000 ||[0, 8, 9, 10] 
poly 504 || [(0, 0), (0, 2), (1, 2), (3, 2)] || area : -3.000000 ||[0, 8, 9, 11] 
poly 505 || [(0, 0), (0, 2), (0, 3), (1, 2)] || area : -1.500000 ||[0, 8, 12, 9] 
poly 506 || [(0, 0), (0, 2), (1, 3), (1, 2)] || area : -1.500000 ||[0, 8, 13, 9] 
poly 507 || [(0, 0), (0, 2), (1, 2), (2, 3)] || area : -1.500000 ||[0, 8, 9, 14] 
poly 508 || [(0, 0), (0, 2), (1, 2), (3, 3)] || area : -2.500000 ||[0, 8, 9, 15] 
poly 509 || [(0, 0), (0, 2), (2, 2), (3, 2)] || area : -3.000000 ||[0, 8, 10, 11] 
poly 510 || [(0, 0), (0, 2), (0, 3), (2, 2)] || area : -3.000000 ||[0, 8, 12, 10] 
poly 511 || [(0, 0), (0, 2), (1, 3), (2, 2)] || area : -3.000000 ||[0, 8, 13, 10] 
poly 512 || [(0, 0), (0, 2), (2, 3), (2, 2)] || area : -3.000000 ||[0, 8, 14, 10] 
poly 513 || [(0, 0), (0, 2), (3, 3), (2, 2)] || area : -3.000000 ||[0, 8, 15, 10] 
poly 514 || [(0, 0), (0, 2), (0, 3), (3, 2)] || area : -4.500000 ||[0, 8, 12, 11] 
poly 515 || [(0, 0), (0, 2), (1, 3), (3, 2)] || area : -4.500000 ||[0, 8, 13, 11] 
poly 516 || [(0, 0), (0, 2), (2, 3), (3, 2)] || area : -4.500000 ||[0, 8, 14, 11] 
poly 517 || [(0, 0), (0, 2), (3, 3), (3, 2)] || area : -4.500000 ||[0, 8, 15, 11] 
poly 518 || [(0, 0), (0, 2), (0, 3), (1, 3)] || area : -1.500000 ||[0, 8, 12, 13] 
poly 519 || [(0, 0), (0, 2), (0, 3), (2, 3)] || area : -3.000000 ||[0, 8, 12, 14] 
poly 520 || [(0, 0), (0, 2), (0, 3), (3, 3)] || area : -4.500000 ||[0, 8, 12, 15] 
poly 521 || [(0, 0), (0, 2), (1, 3), (2, 3)] || area : -2.500000 ||[0, 8, 13, 14] 
poly 522 || [(0, 0), (0, 2), (1, 3), (3, 3)] || area : -4.000000 ||[0, 8, 13, 15] 
poly 523 || [(0, 0), (0, 2), (2, 3), (1, 2)] || area : -1.500000 ||[0, 8, 14, 9] 
poly 524 || [(0, 0), (0, 2), (2, 3), (3, 3)] || area : -3.500000 ||[0, 8, 14, 15] 
poly 525 || [(0, 0), (1, 2), (2, 2), (3, 2)] || area : -2.000000 ||[0, 9, 10, 11] 
poly 526 || [(0, 0), (0, 3), (1, 2), (2, 2)] || area : -2.500000 ||[0, 12, 9, 10] 
poly 527 || [(0, 0), (1, 2), (1, 3), (2, 2)] || area : -1.500000 ||[0, 9, 13, 10] 
poly 528 || [(0, 0), (1, 2), (2, 3), (2, 2)] || area : -1.500000 ||[0, 9, 14, 10] 
poly 529 || [(0, 0), (1, 2), (3, 3), (2, 2)] || area : -1.500000 ||[0, 9, 15, 10] 
poly 530 || [(0, 0), (0, 3), (1, 2), (3, 2)] || area : -3.500000 ||[0, 12, 9, 11] 
poly 531 || [(0, 0), (1, 2), (1, 3), (3, 2)] || area : -3.000000 ||[0, 9, 13, 11] 
poly 532 || [(0, 0), (1, 2), (2, 3), (3, 2)] || area : -3.000000 ||[0, 9, 14, 11] 
poly 533 || [(0, 0), (1, 2), (3, 3), (3, 2)] || area : -3.000000 ||[0, 9, 15, 11] 
poly 534 || [(0, 0), (0, 3), (1, 3), (1, 2)] || area : -2.000000 ||[0, 12, 13, 9] 
poly 535 || [(0, 0), (0, 3), (2, 3), (1, 2)] || area : -2.500000 ||[0, 12, 14, 9] 
poly 536 || [(0, 0), (0, 3), (3, 3), (1, 2)] || area : -3.000000 ||[0, 12, 15, 9] 
poly 537 || [(0, 0), (1, 3), (2, 3), (1, 2)] || area : -1.000000 ||[0, 13, 14, 9] 
poly 538 || [(0, 0), (1, 2), (1, 3), (3, 3)] || area : -2.500000 ||[0, 9, 13, 15] 
poly 539 || [(0, 0), (1, 2), (2, 3), (3, 3)] || area : -2.000000 ||[0, 9, 14, 15] 
poly 540 || [(0, 0), (0, 3), (2, 2), (3, 2)] || area : -4.000000 ||[0, 12, 10, 11] 
poly 541 || [(0, 0), (1, 3), (2, 2), (3, 2)] || area : -3.000000 ||[0, 13, 10, 11] 
poly 542 || [(0, 0), (2, 3), (2, 2), (3, 2)] || area : -2.000000 ||[0, 14, 10, 11] 
poly 543 || [(0, 0), (2, 2), (3, 3), (3, 2)] || area : -1.500000 ||[0, 10, 15, 11] 
poly 544 || [(0, 0), (0, 3), (1, 3), (2, 2)] || area : -3.500000 ||[0, 12, 13, 10] 
poly 545 || [(0, 0), (0, 3), (2, 3), (2, 2)] || area : -4.000000 ||[0, 12, 14, 10] 
poly 546 || [(0, 0), (0, 3), (3, 3), (2, 2)] || area : -4.500000 ||[0, 12, 15, 10] 
poly 547 || [(0, 0), (1, 3), (1, 2), (2, 2)] || area : -1.500000 ||[0, 13, 9, 10] 
poly 548 || [(0, 0), (1, 3), (2, 3), (2, 2)] || area : -2.500000 ||[0, 13, 14, 10] 
poly 549 || [(0, 0), (1, 3), (3, 3), (2, 2)] || area : -3.000000 ||[0, 13, 15, 10] 
poly 550 || [(0, 0), (2, 3), (3, 3), (2, 2)] || area : -1.500000 ||[0, 14, 15, 10] 
poly 551 || [(0, 0), (0, 3), (1, 3), (3, 2)] || area : -5.000000 ||[0, 12, 13, 11] 
poly 552 || [(0, 0), (0, 3), (2, 3), (3, 2)] || area : -5.500000 ||[0, 12, 14, 11] 
poly 553 || [(0, 0), (0, 3), (3, 3), (3, 2)] || area : -6.000000 ||[0, 12, 15, 11] 
poly 554 || [(0, 0), (1, 3), (2, 3), (3, 2)] || area : -4.000000 ||[0, 13, 14, 11] 
poly 555 || [(0, 0), (1, 3), (3, 3), (3, 2)] || area : -4.500000 ||[0, 13, 15, 11] 
poly 556 || [(0, 0), (2, 3), (3, 3), (3, 2)] || area : -3.000000 ||[0, 14, 15, 11] 
poly 557 || [(0, 0), (0, 3), (1, 3), (2, 3)] || area : -3.000000 ||[0, 12, 13, 14] 
poly 558 || [(0, 0), (0, 3), (1, 3), (3, 3)] || area : -4.500000 ||[0, 12, 13, 15] 
poly 559 || [(0, 0), (0, 3), (2, 3), (3, 3)] || area : -4.500000 ||[0, 12, 14, 15] 
poly 560 || [(0, 0), (1, 3), (2, 3), (3, 3)] || area : -3.000000 ||[0, 13, 14, 15] 
poly 561 || [(2, 0), (1, 0), (0, 1)] || area : -1.500000 ||[2, 1, 4] 
poly 562 || [(2, 0), (1, 0), (0, 2)] || area : -3.000000 ||[2, 1, 8] 
poly 563 || [(2, 0), (1, 0), (0, 3)] || area : -4.500000 ||[2, 1, 12] 
poly 564 || [(3, 0), (1, 0), (0, 1)] || area : -2.500000 ||[3, 1, 4] 
poly 565 || [(3, 0), (1, 0), (0, 2)] || area : -5.000000 ||[3, 1, 8] 
poly 566 || [(3, 0), (1, 0), (0, 3)] || area : -7.500000 ||[3, 1, 12] 
poly 567 || [(1, 0), (0, 1), (1, 1)] || area : -1.000000 ||[1, 4, 5] 
poly 568 || [(1, 0), (0, 1), (2, 1)] || area : -1.500000 ||[1, 4, 6] 
poly 569 || [(1, 0), (0, 1), (3, 1)] || area : -2.000000 ||[1, 4, 7] 
poly 570 || [(1, 0), (0, 1), (0, 2)] || area : -1.500000 ||[1, 4, 8] 
poly 571 || [(1, 0), (0, 1), (1, 2)] || area : -2.000000 ||[1, 4, 9] 
poly 572 || [(1, 0), (0, 1), (2, 2)] || area : -2.500000 ||[1, 4, 10] 
poly 573 || [(1, 0), (0, 1), (3, 2)] || area : -3.000000 ||[1, 4, 11] 
poly 574 || [(1, 0), (0, 1), (0, 3)] || area : -2.500000 ||[1, 4, 12] 
poly 575 || [(1, 0), (0, 1), (1, 3)] || area : -3.000000 ||[1, 4, 13] 
poly 576 || [(1, 0), (0, 1), (2, 3)] || area : -3.500000 ||[1, 4, 14] 
poly 577 || [(1, 0), (0, 1), (3, 3)] || area : -4.000000 ||[1, 4, 15] 
poly 578 || [(1, 0), (0, 2), (1, 1)] || area : -1.000000 ||[1, 8, 5] 
poly 579 || [(1, 1), (1, 0), (0, 3)] || area : -2.000000 ||[5, 1, 12] 
poly 580 || [(1, 0), (0, 2), (2, 1)] || area : -2.000000 ||[1, 8, 6] 
poly 581 || [(2, 1), (1, 0), (0, 3)] || area : -5.000000 ||[6, 1, 12] 
poly 582 || [(1, 0), (0, 2), (3, 1)] || area : -3.000000 ||[1, 8, 7] 
poly 583 || [(3, 1), (1, 0), (0, 3)] || area : -8.000000 ||[7, 1, 12] 
poly 584 || [(1, 0), (0, 2), (1, 2)] || area : -2.000000 ||[1, 8, 9] 
poly 585 || [(1, 0), (0, 2), (2, 2)] || area : -3.000000 ||[1, 8, 10] 
poly 586 || [(1, 0), (0, 2), (3, 2)] || area : -4.000000 ||[1, 8, 11] 
poly 587 || [(1, 0), (0, 2), (0, 3)] || area : -2.000000 ||[1, 8, 12] 
poly 588 || [(1, 0), (0, 2), (1, 3)] || area : -3.000000 ||[1, 8, 13] 
poly 589 || [(1, 0), (0, 2), (2, 3)] || area : -4.000000 ||[1, 8, 14] 
poly 590 || [(1, 0), (0, 2), (3, 3)] || area : -5.000000 ||[1, 8, 15] 
poly 591 || [(1, 0), (0, 3), (1, 2)] || area : -2.000000 ||[1, 12, 9] 
poly 592 || [(1, 0), (0, 3), (2, 2)] || area : -3.500000 ||[1, 12, 10] 
poly 593 || [(1, 0), (0, 3), (3, 2)] || area : -5.000000 ||[1, 12, 11] 
poly 594 || [(1, 0), (0, 3), (1, 3)] || area : -3.000000 ||[1, 12, 13] 
poly 595 || [(1, 0), (0, 3), (2, 3)] || area : -4.500000 ||[1, 12, 14] 
poly 596 || [(1, 0), (0, 3), (3, 3)] || area : -6.000000 ||[1, 12, 15] 
poly 597 || [(3, 0), (2, 0), (1, 0), (0, 1)] || area : -2.500000 ||[3, 2, 1, 4] 
poly 598 || [(3, 0), (2, 0), (1, 0), (0, 2)] || area : -5.000000 ||[3, 2, 1, 8] 
poly 599 || [(3, 0), (2, 0), (1, 0), (0, 3)] || area : -7.500000 ||[3, 2, 1, 12] 
poly 600 || [(2, 0), (1, 0), (0, 1), (1, 1)] || area : -2.000000 ||[2, 1, 4, 5] 
poly 601 || [(2, 0), (1, 0), (0, 1), (2, 1)] || area : -2.500000 ||[2, 1, 4, 6] 
poly 602 || [(2, 0), (1, 0), (0, 1), (3, 1)] || area : -3.000000 ||[2, 1, 4, 7] 
poly 603 || [(2, 0), (1, 0), (0, 1), (0, 2)] || area : -3.500000 ||[2, 1, 4, 8] 
poly 604 || [(2, 0), (1, 0), (0, 1), (1, 2)] || area : -4.000000 ||[2, 1, 4, 9] 
poly 605 || [(2, 0), (1, 0), (0, 1), (2, 2)] || area : -4.500000 ||[2, 1, 4, 10] 
poly 606 || [(2, 0), (1, 0), (0, 1), (3, 2)] || area : -5.000000 ||[2, 1, 4, 11] 
poly 607 || [(2, 0), (1, 0), (0, 1), (0, 3)] || area : -5.500000 ||[2, 1, 4, 12] 
poly 608 || [(2, 0), (1, 0), (0, 1), (1, 3)] || area : -6.000000 ||[2, 1, 4, 13] 
poly 609 || [(2, 0), (1, 0), (0, 1), (2, 3)] || area : -6.500000 ||[2, 1, 4, 14] 
poly 610 || [(2, 0), (1, 0), (0, 1), (3, 3)] || area : -7.000000 ||[2, 1, 4, 15] 
poly 611 || [(2, 0), (1, 0), (0, 2), (1, 1)] || area : -2.000000 ||[2, 1, 8, 5] 
poly 612 || [(2, 0), (1, 0), (0, 3), (1, 1)] || area : -2.000000 ||[2, 1, 12, 5] 
poly 613 || [(2, 0), (1, 0), (0, 2), (2, 1)] || area : -3.000000 ||[2, 1, 8, 6] 
poly 614 || [(2, 0), (1, 0), (0, 3), (2, 1)] || area : -3.500000 ||[2, 1, 12, 6] 
poly 615 || [(2, 0), (1, 0), (0, 2), (3, 1)] || area : -4.000000 ||[2, 1, 8, 7] 
poly 616 || [(2, 0), (1, 0), (0, 3), (3, 1)] || area : -5.000000 ||[2, 1, 12, 7] 
poly 617 || [(2, 0), (1, 0), (0, 2), (1, 2)] || area : -4.000000 ||[2, 1, 8, 9] 
poly 618 || [(2, 0), (1, 0), (0, 2), (2, 2)] || area : -5.000000 ||[2, 1, 8, 10] 
poly 619 || [(2, 0), (1, 0), (0, 2), (3, 2)] || area : -6.000000 ||[2, 1, 8, 11] 
poly 620 || [(2, 0), (1, 0), (0, 2), (0, 3)] || area : -5.000000 ||[2, 1, 8, 12] 
poly 621 || [(2, 0), (1, 0), (0, 2), (1, 3)] || area : -6.000000 ||[2, 1, 8, 13] 
poly 622 || [(2, 0), (1, 0), (0, 2), (2, 3)] || area : -7.000000 ||[2, 1, 8, 14] 
poly 623 || [(2, 0), (1, 0), (0, 2), (3, 3)] || area : -8.000000 ||[2, 1, 8, 15] 
poly 624 || [(2, 0), (1, 0), (0, 3), (1, 2)] || area : -4.000000 ||[2, 1, 12, 9] 
poly 625 || [(2, 0), (1, 0), (0, 3), (2, 2)] || area : -5.500000 ||[2, 1, 12, 10] 
poly 626 || [(2, 0), (1, 0), (0, 3), (3, 2)] || area : -7.000000 ||[2, 1, 12, 11] 
poly 627 || [(2, 0), (1, 0), (0, 3), (1, 3)] || area : -6.000000 ||[2, 1, 12, 13] 
poly 628 || [(2, 0), (1, 0), (0, 3), (2, 3)] || area : -7.500000 ||[2, 1, 12, 14] 
poly 629 || [(2, 0), (1, 0), (0, 3), (3, 3)] || area : -9.000000 ||[2, 1, 12, 15] 
poly 630 || [(3, 0), (1, 0), (0, 1), (1, 1)] || area : -3.000000 ||[3, 1, 4, 5] 
poly 631 || [(3, 0), (1, 0), (0, 1), (2, 1)] || area : -3.500000 ||[3, 1, 4, 6] 
poly 632 || [(3, 0), (1, 0), (0, 1), (3, 1)] || area : -4.000000 ||[3, 1, 4, 7] 
poly 633 || [(3, 0), (1, 0), (0, 1), (0, 2)] || area : -5.500000 ||[3, 1, 4, 8] 
poly 634 || [(3, 0), (1, 0), (0, 1), (1, 2)] || area : -6.000000 ||[3, 1, 4, 9] 
poly 635 || [(3, 0), (1, 0), (0, 1), (2, 2)] || area : -6.500000 ||[3, 1, 4, 10] 
poly 636 || [(3, 0), (1, 0), (0, 1), (3, 2)] || area : -7.000000 ||[3, 1, 4, 11] 
poly 637 || [(3, 0), (1, 0), (0, 1), (0, 3)] || area : -8.500000 ||[3, 1, 4, 12] 
poly 638 || [(3, 0), (1, 0), (0, 1), (1, 3)] || area : -9.000000 ||[3, 1, 4, 13] 
poly 639 || [(3, 0), (1, 0), (0, 1), (2, 3)] || area : -9.500000 ||[3, 1, 4, 14] 
poly 640 || [(3, 0), (1, 0), (0, 1), (3, 3)] || area : -10.000000 ||[3, 1, 4, 15] 
poly 641 || [(3, 0), (1, 0), (1, 1), (0, 2)] || area : -4.500000 ||[3, 1, 5, 8] 
poly 642 || [(3, 0), (1, 0), (1, 1), (0, 3)] || area : -7.000000 ||[3, 1, 5, 12] 
poly 643 || [(3, 0), (1, 0), (0, 2), (2, 1)] || area : -4.000000 ||[3, 1, 8, 6] 
poly 644 || [(3, 0), (1, 0), (0, 3), (2, 1)] || area : -4.500000 ||[3, 1, 12, 6] 
poly 645 || [(3, 0), (1, 0), (0, 2), (3, 1)] || area : -5.000000 ||[3, 1, 8, 7] 
poly 646 || [(3, 0), (1, 0), (0, 3), (3, 1)] || area : -6.000000 ||[3, 1, 12, 7] 
poly 647 || [(3, 0), (1, 0), (0, 2), (1, 1)] || area : -3.000000 ||[3, 1, 8, 5] 
poly 648 || [(3, 0), (1, 0), (0, 2), (1, 2)] || area : -6.000000 ||[3, 1, 8, 9] 
poly 649 || [(3, 0), (1, 0), (0, 2), (2, 2)] || area : -7.000000 ||[3, 1, 8, 10] 
poly 650 || [(3, 0), (1, 0), (0, 2), (3, 2)] || area : -8.000000 ||[3, 1, 8, 11] 
poly 651 || [(3, 0), (1, 0), (0, 2), (0, 3)] || area : -8.000000 ||[3, 1, 8, 12] 
poly 652 || [(3, 0), (1, 0), (0, 2), (1, 3)] || area : -9.000000 ||[3, 1, 8, 13] 
poly 653 || [(3, 0), (1, 0), (0, 2), (2, 3)] || area : -10.000000 ||[3, 1, 8, 14] 
poly 654 || [(3, 0), (1, 0), (0, 2), (3, 3)] || area : -11.000000 ||[3, 1, 8, 15] 
poly 655 || [(3, 0), (1, 0), (0, 3), (1, 2)] || area : -6.000000 ||[3, 1, 12, 9] 
poly 656 || [(3, 0), (1, 0), (0, 3), (2, 2)] || area : -7.500000 ||[3, 1, 12, 10] 
poly 657 || [(3, 0), (1, 0), (0, 3), (3, 2)] || area : -9.000000 ||[3, 1, 12, 11] 
poly 658 || [(3, 0), (1, 0), (0, 3), (1, 3)] || area : -9.000000 ||[3, 1, 12, 13] 
poly 659 || [(3, 0), (1, 0), (0, 3), (2, 3)] || area : -10.500000 ||[3, 1, 12, 14] 
poly 660 || [(3, 0), (1, 0), (0, 3), (3, 3)] || area : -12.000000 ||[3, 1, 12, 15] 
poly 661 || [(1, 0), (0, 1), (1, 1), (2, 1)] || area : -1.500000 ||[1, 4, 5, 6] 
poly 662 || [(1, 0), (0, 1), (1, 1), (3, 1)] || area : -2.000000 ||[1, 4, 5, 7] 
poly 663 || [(1, 0), (0, 1), (0, 2), (1, 1)] || area : -1.500000 ||[1, 4, 8, 5] 
poly 664 || [(1, 0), (0, 1), (1, 2), (1, 1)] || area : -1.500000 ||[1, 4, 9, 5] 
poly 665 || [(1, 0), (0, 1), (2, 2), (1, 1)] || area : -1.500000 ||[1, 4, 10, 5] 
poly 666 || [(1, 0), (0, 1), (1, 1), (3, 2)] || area : -2.500000 ||[1, 4, 5, 11] 
poly 667 || [(1, 1), (1, 0), (0, 1), (0, 3)] || area : -3.000000 ||[5, 1, 4, 12] 
poly 668 || [(1, 1), (1, 0), (0, 1), (1, 3)] || area : -2.500000 ||[5, 1, 4, 13] 
poly 669 || [(1, 0), (1, 1), (0, 1), (2, 3)] || area : -3.000000 ||[1, 5, 4, 14] 
poly 670 || [(1, 0), (1, 1), (0, 1), (3, 3)] || area : -3.500000 ||[1, 5, 4, 15] 
poly 671 || [(1, 0), (0, 1), (2, 1), (3, 1)] || area : -2.000000 ||[1, 4, 6, 7] 
poly 672 || [(1, 0), (0, 1), (0, 2), (2, 1)] || area : -2.500000 ||[1, 4, 8, 6] 
poly 673 || [(1, 0), (0, 1), (1, 2), (2, 1)] || area : -2.500000 ||[1, 4, 9, 6] 
poly 674 || [(1, 0), (0, 1), (2, 2), (2, 1)] || area : -2.500000 ||[1, 4, 10, 6] 
poly 675 || [(1, 0), (0, 1), (3, 2), (2, 1)] || area : -2.500000 ||[1, 4, 11, 6] 
poly 676 || [(2, 1), (1, 0), (0, 1), (0, 3)] || area : -6.000000 ||[6, 1, 4, 12] 
poly 677 || [(2, 1), (1, 0), (0, 1), (1, 3)] || area : -5.500000 ||[6, 1, 4, 13] 
poly 678 || [(2, 1), (1, 0), (0, 1), (2, 3)] || area : -5.000000 ||[6, 1, 4, 14] 
poly 679 || [(2, 1), (1, 0), (0, 1), (3, 3)] || area : -4.500000 ||[6, 1, 4, 15] 
poly 680 || [(1, 0), (0, 1), (0, 2), (3, 1)] || area : -3.500000 ||[1, 4, 8, 7] 
poly 681 || [(1, 0), (0, 1), (1, 2), (3, 1)] || area : -3.500000 ||[1, 4, 9, 7] 
poly 682 || [(1, 0), (0, 1), (2, 2), (3, 1)] || area : -3.500000 ||[1, 4, 10, 7] 
poly 683 || [(1, 0), (0, 1), (3, 2), (3, 1)] || area : -3.500000 ||[1, 4, 11, 7] 
poly 684 || [(3, 1), (1, 0), (0, 1), (0, 3)] || area : -9.000000 ||[7, 1, 4, 12] 
poly 685 || [(3, 1), (1, 0), (0, 1), (1, 3)] || area : -8.500000 ||[7, 1, 4, 13] 
poly 686 || [(3, 1), (1, 0), (0, 1), (2, 3)] || area : -8.000000 ||[7, 1, 4, 14] 
poly 687 || [(3, 1), (1, 0), (0, 1), (3, 3)] || area : -7.500000 ||[7, 1, 4, 15] 
poly 688 || [(1, 0), (0, 1), (0, 2), (1, 2)] || area : -2.500000 ||[1, 4, 8, 9] 
poly 689 || [(1, 0), (0, 1), (0, 2), (2, 2)] || area : -3.500000 ||[1, 4, 8, 10] 
poly 690 || [(1, 0), (0, 1), (0, 2), (3, 2)] || area : -4.500000 ||[1, 4, 8, 11] 
poly 691 || [(1, 0), (0, 1), (0, 2), (0, 3)] || area : -2.500000 ||[1, 4, 8, 12] 
poly 692 || [(1, 0), (0, 1), (0, 2), (1, 3)] || area : -3.500000 ||[1, 4, 8, 13] 
poly 693 || [(1, 0), (0, 1), (0, 2), (2, 3)] || area : -4.500000 ||[1, 4, 8, 14] 
poly 694 || [(1, 0), (0, 1), (0, 2), (3, 3)] || area : -5.500000 ||[1, 4, 8, 15] 
poly 695 || [(1, 0), (0, 1), (1, 2), (2, 2)] || area : -3.000000 ||[1, 4, 9, 10] 
poly 696 || [(1, 0), (0, 1), (1, 2), (3, 2)] || area : -4.000000 ||[1, 4, 9, 11] 
poly 697 || [(1, 0), (0, 1), (0, 3), (1, 2)] || area : -3.000000 ||[1, 4, 12, 9] 
poly 698 || [(1, 0), (0, 1), (1, 3), (1, 2)] || area : -2.500000 ||[1, 4, 13, 9] 
poly 699 || [(1, 0), (0, 1), (1, 2), (2, 3)] || area : -3.500000 ||[1, 4, 9, 14] 
poly 700 || [(1, 0), (0, 1), (1, 2), (3, 3)] || area : -4.500000 ||[1, 4, 9, 15] 
poly 701 || [(1, 0), (0, 1), (2, 2), (3, 2)] || area : -3.500000 ||[1, 4, 10, 11] 
poly 702 || [(1, 0), (0, 1), (0, 3), (2, 2)] || area : -4.500000 ||[1, 4, 12, 10] 
poly 703 || [(1, 0), (0, 1), (1, 3), (2, 2)] || area : -4.000000 ||[1, 4, 13, 10] 
poly 704 || [(1, 0), (0, 1), (2, 3), (2, 2)] || area : -3.500000 ||[1, 4, 14, 10] 
poly 705 || [(1, 0), (0, 1), (2, 2), (3, 3)] || area : -3.500000 ||[1, 4, 10, 15] 
poly 706 || [(1, 0), (0, 1), (0, 3), (3, 2)] || area : -6.000000 ||[1, 4, 12, 11] 
poly 707 || [(1, 0), (0, 1), (1, 3), (3, 2)] || area : -5.500000 ||[1, 4, 13, 11] 
poly 708 || [(1, 0), (0, 1), (2, 3), (3, 2)] || area : -5.000000 ||[1, 4, 14, 11] 
poly 709 || [(1, 0), (0, 1), (3, 3), (3, 2)] || area : -4.500000 ||[1, 4, 15, 11] 
poly 710 || [(1, 0), (0, 1), (0, 3), (1, 3)] || area : -4.000000 ||[1, 4, 12, 13] 
poly 711 || [(1, 0), (0, 1), (0, 3), (2, 3)] || area : -5.500000 ||[1, 4, 12, 14] 
poly 712 || [(1, 0), (0, 1), (0, 3), (3, 3)] || area : -7.000000 ||[1, 4, 12, 15] 
poly 713 || [(1, 0), (0, 1), (1, 3), (2, 3)] || area : -4.500000 ||[1, 4, 13, 14] 
poly 714 || [(1, 0), (0, 1), (1, 3), (3, 3)] || area : -6.000000 ||[1, 4, 13, 15] 
poly 715 || [(1, 0), (0, 1), (2, 3), (3, 3)] || area : -5.000000 ||[1, 4, 14, 15] 
poly 716 || [(1, 0), (0, 1), (3, 3), (2, 2)] || area : -3.000000 ||[1, 4, 15, 10] 
poly 717 || [(1, 0), (1, 1), (0, 1), (3, 2)] || area : -2.500000 ||[1, 5, 4, 11] 
poly 718 || [(1, 0), (0, 2), (1, 1), (2, 1)] || area : -1.500000 ||[1, 8, 5, 6] 
poly 719 || [(2, 1), (1, 0), (1, 1), (0, 3)] || area : -4.500000 ||[6, 1, 5, 12] 
poly 720 || [(1, 0), (1, 1), (0, 2), (3, 1)] || area : -2.500000 ||[1, 5, 8, 7] 
poly 721 || [(3, 1), (1, 0), (1, 1), (0, 3)] || area : -7.500000 ||[7, 1, 5, 12] 
poly 722 || [(1, 1), (1, 0), (0, 2), (1, 2)] || area : -1.500000 ||[5, 1, 8, 9] 
poly 723 || [(1, 0), (1, 1), (0, 2), (2, 2)] || area : -2.500000 ||[1, 5, 8, 10] 
poly 724 || [(1, 0), (1, 1), (0, 2), (3, 2)] || area : -3.500000 ||[1, 5, 8, 11] 
poly 725 || [(1, 1), (1, 0), (0, 2), (0, 3)] || area : -2.500000 ||[5, 1, 8, 12] 
poly 726 || [(1, 1), (1, 0), (0, 2), (1, 3)] || area : -2.500000 ||[5, 1, 8, 13] 
poly 727 || [(1, 0), (1, 1), (0, 2), (2, 3)] || area : -3.500000 ||[1, 5, 8, 14] 
poly 728 || [(1, 0), (1, 1), (0, 2), (3, 3)] || area : -4.500000 ||[1, 5, 8, 15] 
poly 729 || [(1, 1), (1, 0), (0, 3), (1, 2)] || area : -1.500000 ||[5, 1, 12, 9] 
poly 730 || [(1, 0), (1, 1), (0, 3), (2, 2)] || area : -3.000000 ||[1, 5, 12, 10] 
poly 731 || [(1, 0), (1, 1), (0, 3), (3, 2)] || area : -4.500000 ||[1, 5, 12, 11] 
poly 732 || [(1, 1), (1, 0), (0, 3), (1, 3)] || area : -2.500000 ||[5, 1, 12, 13] 
poly 733 || [(1, 0), (1, 1), (0, 3), (2, 3)] || area : -4.000000 ||[1, 5, 12, 14] 
poly 734 || [(1, 0), (1, 1), (0, 3), (3, 3)] || area : -5.500000 ||[1, 5, 12, 15] 
poly 735 || [(1, 0), (0, 2), (2, 1), (1, 1)] || area : -1.500000 ||[1, 8, 6, 5] 
poly 736 || [(1, 0), (0, 2), (2, 1), (3, 1)] || area : -2.500000 ||[1, 8, 6, 7] 
poly 737 || [(3, 1), (2, 1), (1, 0), (0, 3)] || area : -7.500000 ||[7, 6, 1, 12] 
poly 738 || [(2, 1), (1, 0), (0, 2), (1, 2)] || area : -3.500000 ||[6, 1, 8, 9] 
poly 739 || [(2, 1), (1, 0), (0, 2), (2, 2)] || area : -3.500000 ||[6, 1, 8, 10] 
poly 740 || [(2, 1), (1, 0), (0, 2), (3, 2)] || area : -3.500000 ||[6, 1, 8, 11] 
poly 741 || [(2, 1), (1, 0), (0, 2), (0, 3)] || area : -5.500000 ||[6, 1, 8, 12] 
poly 742 || [(2, 1), (1, 0), (0, 2), (1, 3)] || area : -5.500000 ||[6, 1, 8, 13] 
poly 743 || [(2, 1), (1, 0), (0, 2), (2, 3)] || area : -5.500000 ||[6, 1, 8, 14] 
poly 744 || [(2, 1), (1, 0), (0, 2), (3, 3)] || area : -5.500000 ||[6, 1, 8, 15] 
poly 745 || [(2, 1), (1, 0), (0, 3), (1, 2)] || area : -3.500000 ||[6, 1, 12, 9] 
poly 746 || [(2, 1), (1, 0), (0, 3), (2, 2)] || area : -4.000000 ||[6, 1, 12, 10] 
poly 747 || [(2, 1), (1, 0), (0, 3), (3, 2)] || area : -4.500000 ||[6, 1, 12, 11] 
poly 748 || [(2, 1), (1, 0), (0, 3), (1, 3)] || area : -5.500000 ||[6, 1, 12, 13] 
poly 749 || [(2, 1), (1, 0), (0, 3), (2, 3)] || area : -6.000000 ||[6, 1, 12, 14] 
poly 750 || [(2, 1), (1, 0), (0, 3), (3, 3)] || area : -6.500000 ||[6, 1, 12, 15] 
poly 751 || [(1, 0), (0, 2), (3, 1), (2, 1)] || area : -2.500000 ||[1, 8, 7, 6] 
poly 752 || [(3, 1), (1, 0), (0, 2), (1, 2)] || area : -5.500000 ||[7, 1, 8, 9] 
poly 753 || [(3, 1), (1, 0), (0, 2), (2, 2)] || area : -5.500000 ||[7, 1, 8, 10] 
poly 754 || [(3, 1), (1, 0), (0, 2), (3, 2)] || area : -5.500000 ||[7, 1, 8, 11] 
poly 755 || [(3, 1), (1, 0), (0, 2), (0, 3)] || area : -8.500000 ||[7, 1, 8, 12] 
poly 756 || [(3, 1), (1, 0), (0, 2), (1, 3)] || area : -8.500000 ||[7, 1, 8, 13] 
poly 757 || [(3, 1), (1, 0), (0, 2), (2, 3)] || area : -8.500000 ||[7, 1, 8, 14] 
poly 758 || [(3, 1), (1, 0), (0, 2), (3, 3)] || area : -8.500000 ||[7, 1, 8, 15] 
poly 759 || [(3, 1), (1, 0), (0, 3), (1, 2)] || area : -5.500000 ||[7, 1, 12, 9] 
poly 760 || [(3, 1), (1, 0), (0, 3), (2, 2)] || area : -6.000000 ||[7, 1, 12, 10] 
poly 761 || [(3, 1), (1, 0), (0, 3), (3, 2)] || area : -6.500000 ||[7, 1, 12, 11] 
poly 762 || [(3, 1), (1, 0), (0, 3), (1, 3)] || area : -8.500000 ||[7, 1, 12, 13] 
poly 763 || [(3, 1), (1, 0), (0, 3), (2, 3)] || area : -9.000000 ||[7, 1, 12, 14] 
poly 764 || [(3, 1), (1, 0), (0, 3), (3, 3)] || area : -9.500000 ||[7, 1, 12, 15] 
poly 765 || [(1, 0), (0, 2), (1, 2), (2, 2)] || area : -3.000000 ||[1, 8, 9, 10] 
poly 766 || [(1, 0), (0, 2), (1, 2), (3, 2)] || area : -4.000000 ||[1, 8, 9, 11] 
poly 767 || [(1, 0), (0, 2), (0, 3), (1, 2)] || area : -2.500000 ||[1, 8, 12, 9] 
poly 768 || [(1, 0), (0, 2), (1, 3), (1, 2)] || area : -2.500000 ||[1, 8, 13, 9] 
poly 769 || [(1, 0), (0, 2), (1, 2), (2, 3)] || area : -3.500000 ||[1, 8, 9, 14] 
poly 770 || [(1, 0), (0, 2), (1, 2), (3, 3)] || area : -4.500000 ||[1, 8, 9, 15] 
poly 771 || [(1, 0), (0, 2), (2, 2), (3, 2)] || area : -4.000000 ||[1, 8, 10, 11] 
poly 772 || [(1, 0), (0, 2), (0, 3), (2, 2)] || area : -4.000000 ||[1, 8, 12, 10] 
poly 773 || [(1, 0), (0, 2), (1, 3), (2, 2)] || area : -4.000000 ||[1, 8, 13, 10] 
poly 774 || [(1, 0), (0, 2), (2, 3), (2, 2)] || area : -4.000000 ||[1, 8, 14, 10] 
poly 775 || [(1, 0), (0, 2), (3, 3), (2, 2)] || area : -4.000000 ||[1, 8, 15, 10] 
poly 776 || [(1, 0), (0, 2), (0, 3), (3, 2)] || area : -5.500000 ||[1, 8, 12, 11] 
poly 777 || [(1, 0), (0, 2), (1, 3), (3, 2)] || area : -5.500000 ||[1, 8, 13, 11] 
poly 778 || [(1, 0), (0, 2), (2, 3), (3, 2)] || area : -5.500000 ||[1, 8, 14, 11] 
poly 779 || [(1, 0), (0, 2), (3, 3), (3, 2)] || area : -5.500000 ||[1, 8, 15, 11] 
poly 780 || [(1, 0), (0, 2), (0, 3), (1, 3)] || area : -3.500000 ||[1, 8, 12, 13] 
poly 781 || [(1, 0), (0, 2), (0, 3), (2, 3)] || area : -5.000000 ||[1, 8, 12, 14] 
poly 782 || [(1, 0), (0, 2), (0, 3), (3, 3)] || area : -6.500000 ||[1, 8, 12, 15] 
poly 783 || [(1, 0), (0, 2), (1, 3), (2, 3)] || area : -4.500000 ||[1, 8, 13, 14] 
poly 784 || [(1, 0), (0, 2), (1, 3), (3, 3)] || area : -6.000000 ||[1, 8, 13, 15] 
poly 785 || [(1, 0), (0, 2), (2, 3), (3, 3)] || area : -5.500000 ||[1, 8, 14, 15] 
poly 786 || [(1, 0), (0, 3), (1, 2), (2, 2)] || area : -3.000000 ||[1, 12, 9, 10] 
poly 787 || [(1, 0), (1, 2), (0, 3), (3, 2)] || area : -4.000000 ||[1, 9, 12, 11] 
poly 788 || [(1, 0), (0, 3), (1, 3), (1, 2)] || area : -2.500000 ||[1, 12, 13, 9] 
poly 789 || [(1, 0), (0, 3), (2, 3), (1, 2)] || area : -3.000000 ||[1, 12, 14, 9] 
poly 790 || [(1, 0), (1, 2), (0, 3), (3, 3)] || area : -5.000000 ||[1, 9, 12, 15] 
poly 791 || [(1, 0), (0, 3), (2, 2), (3, 2)] || area : -4.500000 ||[1, 12, 10, 11] 
poly 792 || [(1, 0), (0, 3), (1, 3), (2, 2)] || area : -4.000000 ||[1, 12, 13, 10] 
poly 793 || [(1, 0), (0, 3), (2, 3), (2, 2)] || area : -4.500000 ||[1, 12, 14, 10] 
poly 794 || [(1, 0), (0, 3), (3, 3), (2, 2)] || area : -5.000000 ||[1, 12, 15, 10] 
poly 795 || [(1, 0), (0, 3), (1, 2), (3, 2)] || area : -4.000000 ||[1, 12, 9, 11] 
poly 796 || [(1, 0), (0, 3), (1, 3), (3, 2)] || area : -5.500000 ||[1, 12, 13, 11] 
poly 797 || [(1, 0), (0, 3), (2, 3), (3, 2)] || area : -6.000000 ||[1, 12, 14, 11] 
poly 798 || [(1, 0), (0, 3), (3, 3), (3, 2)] || area : -6.500000 ||[1, 12, 15, 11] 
poly 799 || [(1, 0), (0, 3), (1, 3), (2, 3)] || area : -4.500000 ||[1, 12, 13, 14] 
poly 800 || [(1, 0), (0, 3), (1, 3), (3, 3)] || area : -6.000000 ||[1, 12, 13, 15] 
poly 801 || [(1, 0), (0, 3), (2, 3), (3, 3)] || area : -6.000000 ||[1, 12, 14, 15] 
poly 802 || [(3, 0), (2, 0), (0, 1)] || area : -2.000000 ||[3, 2, 4] 
poly 803 || [(3, 0), (2, 0), (0, 2)] || area : -4.000000 ||[3, 2, 8] 
poly 804 || [(3, 0), (2, 0), (0, 3)] || area : -6.000000 ||[3, 2, 12] 
poly 805 || [(2, 0), (0, 1), (1, 1)] || area : -1.500000 ||[2, 4, 5] 
poly 806 || [(2, 0), (0, 1), (2, 1)] || area : -2.000000 ||[2, 4, 6] 
poly 807 || [(2, 0), (0, 1), (3, 1)] || area : -2.500000 ||[2, 4, 7] 
poly 808 || [(2, 0), (0, 1), (0, 2)] || area : -3.000000 ||[2, 4, 8] 
poly 809 || [(2, 0), (0, 1), (1, 2)] || area : -3.500000 ||[2, 4, 9] 
poly 810 || [(2, 0), (0, 1), (2, 2)] || area : -4.000000 ||[2, 4, 10] 
poly 811 || [(2, 0), (0, 1), (3, 2)] || area : -4.500000 ||[2, 4, 11] 
poly 812 || [(2, 0), (0, 1), (0, 3)] || area : -5.000000 ||[2, 4, 12] 
poly 813 || [(2, 0), (0, 1), (1, 3)] || area : -5.500000 ||[2, 4, 13] 
poly 814 || [(2, 0), (0, 1), (2, 3)] || area : -6.000000 ||[2, 4, 14] 
poly 815 || [(2, 0), (0, 1), (3, 3)] || area : -6.500000 ||[2, 4, 15] 
poly 816 || [(2, 0), (1, 1), (0, 3)] || area : -3.500000 ||[2, 5, 12] 
poly 817 || [(2, 0), (0, 2), (2, 1)] || area : -2.000000 ||[2, 8, 6] 
poly 818 || [(2, 1), (2, 0), (0, 3)] || area : -4.000000 ||[6, 2, 12] 
poly 819 || [(2, 0), (0, 2), (3, 1)] || area : -3.000000 ||[2, 8, 7] 
poly 820 || [(3, 1), (2, 0), (0, 3)] || area : -7.000000 ||[7, 2, 12] 
poly 821 || [(2, 0), (0, 2), (1, 2)] || area : -3.000000 ||[2, 8, 9] 
poly 822 || [(2, 0), (0, 2), (2, 2)] || area : -4.000000 ||[2, 8, 10] 
poly 823 || [(2, 0), (0, 2), (3, 2)] || area : -5.000000 ||[2, 8, 11] 
poly 824 || [(2, 0), (0, 2), (0, 3)] || area : -4.000000 ||[2, 8, 12] 
poly 825 || [(2, 0), (0, 2), (1, 3)] || area : -5.000000 ||[2, 8, 13] 
poly 826 || [(2, 0), (0, 2), (2, 3)] || area : -6.000000 ||[2, 8, 14] 
poly 827 || [(2, 0), (0, 2), (3, 3)] || area : -7.000000 ||[2, 8, 15] 
poly 828 || [(2, 0), (0, 3), (1, 2)] || area : -2.500000 ||[2, 12, 9] 
poly 829 || [(2, 0), (0, 3), (2, 2)] || area : -4.000000 ||[2, 12, 10] 
poly 830 || [(2, 0), (0, 3), (3, 2)] || area : -5.500000 ||[2, 12, 11] 
poly 831 || [(2, 0), (0, 3), (1, 3)] || area : -4.500000 ||[2, 12, 13] 
poly 832 || [(2, 0), (0, 3), (2, 3)] || area : -6.000000 ||[2, 12, 14] 
poly 833 || [(2, 0), (0, 3), (3, 3)] || area : -7.500000 ||[2, 12, 15] 
poly 834 || [(3, 0), (2, 0), (0, 1), (1, 1)] || area : -2.500000 ||[3, 2, 4, 5] 
poly 835 || [(3, 0), (2, 0), (0, 1), (2, 1)] || area : -3.000000 ||[3, 2, 4, 6] 
poly 836 || [(3, 0), (2, 0), (0, 1), (3, 1)] || area : -3.500000 ||[3, 2, 4, 7] 
poly 837 || [(3, 0), (2, 0), (0, 1), (0, 2)] || area : -5.000000 ||[3, 2, 4, 8] 
poly 838 || [(3, 0), (2, 0), (0, 1), (1, 2)] || area : -5.500000 ||[3, 2, 4, 9] 
poly 839 || [(3, 0), (2, 0), (0, 1), (2, 2)] || area : -6.000000 ||[3, 2, 4, 10] 
poly 840 || [(3, 0), (2, 0), (0, 1), (3, 2)] || area : -6.500000 ||[3, 2, 4, 11] 
poly 841 || [(3, 0), (2, 0), (0, 1), (0, 3)] || area : -8.000000 ||[3, 2, 4, 12] 
poly 842 || [(3, 0), (2, 0), (0, 1), (1, 3)] || area : -8.500000 ||[3, 2, 4, 13] 
poly 843 || [(3, 0), (2, 0), (0, 1), (2, 3)] || area : -9.000000 ||[3, 2, 4, 14] 
poly 844 || [(3, 0), (2, 0), (0, 1), (3, 3)] || area : -9.500000 ||[3, 2, 4, 15] 
poly 845 || [(3, 0), (2, 0), (1, 1), (0, 2)] || area : -4.000000 ||[3, 2, 5, 8] 
poly 846 || [(3, 0), (2, 0), (1, 1), (0, 3)] || area : -6.500000 ||[3, 2, 5, 12] 
poly 847 || [(3, 0), (2, 0), (0, 2), (2, 1)] || area : -3.000000 ||[3, 2, 8, 6] 
poly 848 || [(3, 0), (2, 0), (0, 3), (2, 1)] || area : -3.000000 ||[3, 2, 12, 6] 
poly 849 || [(3, 0), (2, 0), (0, 2), (3, 1)] || area : -4.000000 ||[3, 2, 8, 7] 
poly 850 || [(3, 0), (2, 0), (0, 3), (3, 1)] || area : -4.500000 ||[3, 2, 12, 7] 
poly 851 || [(3, 0), (2, 0), (0, 2), (1, 2)] || area : -5.000000 ||[3, 2, 8, 9] 
poly 852 || [(3, 0), (2, 0), (0, 2), (2, 2)] || area : -6.000000 ||[3, 2, 8, 10] 
poly 853 || [(3, 0), (2, 0), (0, 2), (3, 2)] || area : -7.000000 ||[3, 2, 8, 11] 
poly 854 || [(3, 0), (2, 0), (0, 2), (0, 3)] || area : -7.000000 ||[3, 2, 8, 12] 
poly 855 || [(3, 0), (2, 0), (0, 2), (1, 3)] || area : -8.000000 ||[3, 2, 8, 13] 
poly 856 || [(3, 0), (2, 0), (0, 2), (2, 3)] || area : -9.000000 ||[3, 2, 8, 14] 
poly 857 || [(3, 0), (2, 0), (0, 2), (3, 3)] || area : -10.000000 ||[3, 2, 8, 15] 
poly 858 || [(3, 0), (2, 0), (0, 3), (1, 2)] || area : -4.500000 ||[3, 2, 12, 9] 
poly 859 || [(3, 0), (2, 0), (0, 3), (2, 2)] || area : -6.000000 ||[3, 2, 12, 10] 
poly 860 || [(3, 0), (2, 0), (0, 3), (3, 2)] || area : -7.500000 ||[3, 2, 12, 11] 
poly 861 || [(3, 0), (2, 0), (0, 3), (1, 3)] || area : -7.500000 ||[3, 2, 12, 13] 
poly 862 || [(3, 0), (2, 0), (0, 3), (2, 3)] || area : -9.000000 ||[3, 2, 12, 14] 
poly 863 || [(3, 0), (2, 0), (0, 3), (3, 3)] || area : -10.500000 ||[3, 2, 12, 15] 
poly 864 || [(2, 0), (0, 1), (1, 1), (2, 1)] || area : -2.000000 ||[2, 4, 5, 6] 
poly 865 || [(2, 0), (0, 1), (1, 1), (3, 1)] || area : -2.500000 ||[2, 4, 5, 7] 
poly 866 || [(2, 0), (0, 1), (0, 2), (1, 1)] || area : -2.000000 ||[2, 4, 8, 5] 
poly 867 || [(2, 0), (0, 1), (1, 2), (1, 1)] || area : -2.000000 ||[2, 4, 9, 5] 
poly 868 || [(2, 0), (0, 1), (1, 1), (2, 2)] || area : -3.500000 ||[2, 4, 5, 10] 
poly 869 || [(2, 0), (0, 1), (1, 1), (3, 2)] || area : -4.000000 ||[2, 4, 5, 11] 
poly 870 || [(2, 0), (1, 1), (0, 1), (0, 3)] || area : -4.500000 ||[2, 5, 4, 12] 
poly 871 || [(2, 0), (1, 1), (0, 1), (1, 3)] || area : -5.000000 ||[2, 5, 4, 13] 
poly 872 || [(2, 0), (1, 1), (0, 1), (2, 3)] || area : -5.500000 ||[2, 5, 4, 14] 
poly 873 || [(2, 0), (1, 1), (0, 1), (3, 3)] || area : -6.000000 ||[2, 5, 4, 15] 
poly 874 || [(2, 0), (0, 1), (2, 1), (3, 1)] || area : -2.500000 ||[2, 4, 6, 7] 
poly 875 || [(2, 0), (0, 1), (0, 2), (2, 1)] || area : -3.000000 ||[2, 4, 8, 6] 
poly 876 || [(2, 0), (0, 1), (1, 2), (2, 1)] || area : -3.000000 ||[2, 4, 9, 6] 
poly 877 || [(2, 0), (0, 1), (2, 2), (2, 1)] || area : -3.000000 ||[2, 4, 10, 6] 
poly 878 || [(2, 0), (0, 1), (3, 2), (2, 1)] || area : -3.000000 ||[2, 4, 11, 6] 
poly 879 || [(2, 1), (2, 0), (0, 1), (0, 3)] || area : -6.000000 ||[6, 2, 4, 12] 
poly 880 || [(2, 1), (2, 0), (0, 1), (1, 3)] || area : -5.500000 ||[6, 2, 4, 13] 
poly 881 || [(2, 1), (2, 0), (0, 1), (2, 3)] || area : -5.000000 ||[6, 2, 4, 14] 
poly 882 || [(2, 1), (2, 0), (0, 1), (3, 3)] || area : -4.500000 ||[6, 2, 4, 15] 
poly 883 || [(2, 0), (0, 1), (0, 2), (3, 1)] || area : -4.000000 ||[2, 4, 8, 7] 
poly 884 || [(2, 0), (0, 1), (1, 2), (3, 1)] || area : -4.000000 ||[2, 4, 9, 7] 
poly 885 || [(2, 0), (0, 1), (2, 2), (3, 1)] || area : -4.000000 ||[2, 4, 10, 7] 
poly 886 || [(2, 0), (0, 1), (3, 2), (3, 1)] || area : -4.000000 ||[2, 4, 11, 7] 
poly 887 || [(3, 1), (2, 0), (0, 1), (0, 3)] || area : -9.000000 ||[7, 2, 4, 12] 
poly 888 || [(3, 1), (2, 0), (0, 1), (1, 3)] || area : -8.500000 ||[7, 2, 4, 13] 
poly 889 || [(3, 1), (2, 0), (0, 1), (2, 3)] || area : -8.000000 ||[7, 2, 4, 14] 
poly 890 || [(3, 1), (2, 0), (0, 1), (3, 3)] || area : -7.500000 ||[7, 2, 4, 15] 
poly 891 || [(2, 0), (0, 1), (0, 2), (1, 2)] || area : -4.000000 ||[2, 4, 8, 9] 
poly 892 || [(2, 0), (0, 1), (0, 2), (2, 2)] || area : -5.000000 ||[2, 4, 8, 10] 
poly 893 || [(2, 0), (0, 1), (0, 2), (3, 2)] || area : -6.000000 ||[2, 4, 8, 11] 
poly 894 || [(2, 0), (0, 1), (0, 2), (0, 3)] || area : -5.000000 ||[2, 4, 8, 12] 
poly 895 || [(2, 0), (0, 1), (0, 2), (1, 3)] || area : -6.000000 ||[2, 4, 8, 13] 
poly 896 || [(2, 0), (0, 1), (0, 2), (2, 3)] || area : -7.000000 ||[2, 4, 8, 14] 
poly 897 || [(2, 0), (0, 1), (0, 2), (3, 3)] || area : -8.000000 ||[2, 4, 8, 15] 
poly 898 || [(2, 0), (0, 1), (1, 2), (2, 2)] || area : -4.500000 ||[2, 4, 9, 10] 
poly 899 || [(2, 0), (0, 1), (1, 2), (3, 2)] || area : -5.500000 ||[2, 4, 9, 11] 
poly 900 || [(2, 0), (0, 1), (0, 3), (1, 2)] || area : -4.500000 ||[2, 4, 12, 9] 
poly 901 || [(2, 0), (0, 1), (1, 2), (1, 3)] || area : -5.000000 ||[2, 4, 9, 13] 
poly 902 || [(2, 0), (0, 1), (1, 2), (2, 3)] || area : -6.000000 ||[2, 4, 9, 14] 
poly 903 || [(2, 0), (0, 1), (1, 2), (3, 3)] || area : -7.000000 ||[2, 4, 9, 15] 
poly 904 || [(2, 0), (0, 1), (2, 2), (3, 2)] || area : -5.000000 ||[2, 4, 10, 11] 
poly 905 || [(2, 0), (0, 1), (0, 3), (2, 2)] || area : -6.000000 ||[2, 4, 12, 10] 
poly 906 || [(2, 0), (0, 1), (1, 3), (2, 2)] || area : -5.500000 ||[2, 4, 13, 10] 
poly 907 || [(2, 0), (0, 1), (2, 3), (2, 2)] || area : -5.000000 ||[2, 4, 14, 10] 
poly 908 || [(2, 0), (0, 1), (2, 2), (3, 3)] || area : -6.000000 ||[2, 4, 10, 15] 
poly 909 || [(2, 0), (0, 1), (0, 3), (3, 2)] || area : -7.500000 ||[2, 4, 12, 11] 
poly 910 || [(2, 0), (0, 1), (1, 3), (3, 2)] || area : -7.000000 ||[2, 4, 13, 11] 
poly 911 || [(2, 0), (0, 1), (2, 3), (3, 2)] || area : -6.500000 ||[2, 4, 14, 11] 
poly 912 || [(2, 0), (0, 1), (3, 3), (3, 2)] || area : -6.000000 ||[2, 4, 15, 11] 
poly 913 || [(2, 0), (0, 1), (0, 3), (1, 3)] || area : -6.500000 ||[2, 4, 12, 13] 
poly 914 || [(2, 0), (0, 1), (0, 3), (2, 3)] || area : -8.000000 ||[2, 4, 12, 14] 
poly 915 || [(2, 0), (0, 1), (0, 3), (3, 3)] || area : -9.500000 ||[2, 4, 12, 15] 
poly 916 || [(2, 0), (0, 1), (1, 3), (1, 2)] || area : -4.000000 ||[2, 4, 13, 9] 
poly 917 || [(2, 0), (0, 1), (1, 3), (2, 3)] || area : -7.000000 ||[2, 4, 13, 14] 
poly 918 || [(2, 0), (0, 1), (1, 3), (3, 3)] || area : -8.500000 ||[2, 4, 13, 15] 
poly 919 || [(2, 0), (0, 1), (2, 3), (3, 3)] || area : -7.500000 ||[2, 4, 14, 15] 
poly 920 || [(2, 0), (1, 1), (0, 1), (2, 2)] || area : -3.500000 ||[2, 5, 4, 10] 
poly 921 || [(2, 0), (1, 1), (0, 1), (3, 2)] || area : -4.000000 ||[2, 5, 4, 11] 
poly 922 || [(2, 0), (1, 1), (0, 2), (2, 1)] || area : -2.000000 ||[2, 5, 8, 6] 
poly 923 || [(2, 1), (2, 0), (1, 1), (0, 3)] || area : -4.500000 ||[6, 2, 5, 12] 
poly 924 || [(2, 0), (1, 1), (0, 2), (3, 1)] || area : -3.000000 ||[2, 5, 8, 7] 
poly 925 || [(3, 1), (2, 0), (1, 1), (0, 3)] || area : -7.500000 ||[7, 2, 5, 12] 
poly 926 || [(2, 0), (1, 1), (0, 2), (1, 2)] || area : -3.000000 ||[2, 5, 8, 9] 
poly 927 || [(2, 0), (1, 1), (0, 2), (2, 2)] || area : -4.000000 ||[2, 5, 8, 10] 
poly 928 || [(2, 0), (1, 1), (0, 2), (3, 2)] || area : -5.000000 ||[2, 5, 8, 11] 
poly 929 || [(2, 0), (1, 1), (0, 2), (0, 3)] || area : -4.000000 ||[2, 5, 8, 12] 
poly 930 || [(2, 0), (1, 1), (0, 2), (1, 3)] || area : -5.000000 ||[2, 5, 8, 13] 
poly 931 || [(2, 0), (1, 1), (0, 2), (2, 3)] || area : -6.000000 ||[2, 5, 8, 14] 
poly 932 || [(2, 0), (1, 1), (0, 2), (3, 3)] || area : -7.000000 ||[2, 5, 8, 15] 
poly 933 || [(2, 0), (1, 1), (0, 3), (1, 2)] || area : -3.000000 ||[2, 5, 12, 9] 
poly 934 || [(2, 0), (1, 1), (0, 3), (2, 2)] || area : -4.500000 ||[2, 5, 12, 10] 
poly 935 || [(2, 0), (1, 1), (0, 3), (3, 2)] || area : -6.000000 ||[2, 5, 12, 11] 
poly 936 || [(2, 0), (1, 1), (0, 3), (1, 3)] || area : -5.000000 ||[2, 5, 12, 13] 
poly 937 || [(2, 0), (1, 1), (0, 3), (2, 3)] || area : -6.500000 ||[2, 5, 12, 14] 
poly 938 || [(2, 0), (1, 1), (0, 3), (3, 3)] || area : -8.000000 ||[2, 5, 12, 15] 
poly 939 || [(2, 0), (0, 2), (2, 1), (3, 1)] || area : -2.500000 ||[2, 8, 6, 7] 
poly 940 || [(3, 1), (2, 1), (2, 0), (0, 3)] || area : -6.500000 ||[7, 6, 2, 12] 
poly 941 || [(2, 1), (2, 0), (0, 2), (1, 2)] || area : -3.000000 ||[6, 2, 8, 9] 
poly 942 || [(2, 1), (2, 0), (0, 2), (2, 2)] || area : -3.000000 ||[6, 2, 8, 10] 
poly 943 || [(2, 1), (2, 0), (0, 2), (3, 2)] || area : -3.000000 ||[6, 2, 8, 11] 
poly 944 || [(2, 1), (2, 0), (0, 2), (0, 3)] || area : -5.000000 ||[6, 2, 8, 12] 
poly 945 || [(2, 1), (2, 0), (0, 2), (1, 3)] || area : -5.000000 ||[6, 2, 8, 13] 
poly 946 || [(2, 1), (2, 0), (0, 2), (2, 3)] || area : -5.000000 ||[6, 2, 8, 14] 
poly 947 || [(2, 1), (2, 0), (0, 2), (3, 3)] || area : -5.000000 ||[6, 2, 8, 15] 
poly 948 || [(2, 1), (2, 0), (0, 3), (1, 2)] || area : -2.500000 ||[6, 2, 12, 9] 
poly 949 || [(2, 1), (2, 0), (0, 3), (2, 2)] || area : -3.000000 ||[6, 2, 12, 10] 
poly 950 || [(2, 1), (2, 0), (0, 3), (3, 2)] || area : -3.500000 ||[6, 2, 12, 11] 
poly 951 || [(2, 1), (2, 0), (0, 3), (1, 3)] || area : -4.500000 ||[6, 2, 12, 13] 
poly 952 || [(2, 1), (2, 0), (0, 3), (2, 3)] || area : -5.000000 ||[6, 2, 12, 14] 
poly 953 || [(2, 1), (2, 0), (0, 3), (3, 3)] || area : -5.500000 ||[6, 2, 12, 15] 
poly 954 || [(2, 0), (0, 2), (3, 1), (2, 1)] || area : -2.500000 ||[2, 8, 7, 6] 
poly 955 || [(3, 1), (2, 0), (0, 2), (1, 2)] || area : -5.000000 ||[7, 2, 8, 9] 
poly 956 || [(3, 1), (2, 0), (0, 2), (2, 2)] || area : -5.000000 ||[7, 2, 8, 10] 
poly 957 || [(3, 1), (2, 0), (0, 2), (3, 2)] || area : -5.000000 ||[7, 2, 8, 11] 
poly 958 || [(3, 1), (2, 0), (0, 2), (0, 3)] || area : -8.000000 ||[7, 2, 8, 12] 
poly 959 || [(3, 1), (2, 0), (0, 2), (1, 3)] || area : -8.000000 ||[7, 2, 8, 13] 
poly 960 || [(3, 1), (2, 0), (0, 2), (2, 3)] || area : -8.000000 ||[7, 2, 8, 14] 
poly 961 || [(3, 1), (2, 0), (0, 2), (3, 3)] || area : -8.000000 ||[7, 2, 8, 15] 
poly 962 || [(3, 1), (2, 0), (1, 2), (0, 3)] || area : -6.500000 ||[7, 2, 9, 12] 
poly 963 || [(3, 1), (2, 0), (0, 3), (2, 2)] || area : -5.000000 ||[7, 2, 12, 10] 
poly 964 || [(3, 1), (2, 0), (0, 3), (3, 2)] || area : -5.500000 ||[7, 2, 12, 11] 
poly 965 || [(3, 1), (2, 0), (0, 3), (1, 2)] || area : -4.500000 ||[7, 2, 12, 9] 
poly 966 || [(3, 1), (2, 0), (0, 3), (1, 3)] || area : -7.500000 ||[7, 2, 12, 13] 
poly 967 || [(3, 1), (2, 0), (0, 3), (2, 3)] || area : -8.000000 ||[7, 2, 12, 14] 
poly 968 || [(3, 1), (2, 0), (0, 3), (3, 3)] || area : -8.500000 ||[7, 2, 12, 15] 
poly 969 || [(2, 0), (0, 2), (1, 2), (2, 2)] || area : -4.000000 ||[2, 8, 9, 10] 
poly 970 || [(2, 0), (0, 2), (1, 2), (3, 2)] || area : -5.000000 ||[2, 8, 9, 11] 
poly 971 || [(2, 0), (0, 2), (0, 3), (1, 2)] || area : -3.500000 ||[2, 8, 12, 9] 
poly 972 || [(2, 0), (0, 2), (1, 2), (1, 3)] || area : -4.500000 ||[2, 8, 9, 13] 
poly 973 || [(2, 0), (0, 2), (1, 2), (2, 3)] || area : -5.500000 ||[2, 8, 9, 14] 
poly 974 || [(2, 0), (0, 2), (1, 2), (3, 3)] || area : -6.500000 ||[2, 8, 9, 15] 
poly 975 || [(2, 0), (0, 2), (2, 2), (3, 2)] || area : -5.000000 ||[2, 8, 10, 11] 
poly 976 || [(2, 0), (0, 2), (0, 3), (2, 2)] || area : -5.000000 ||[2, 8, 12, 10] 
poly 977 || [(2, 0), (0, 2), (1, 3), (2, 2)] || area : -5.000000 ||[2, 8, 13, 10] 
poly 978 || [(2, 0), (0, 2), (2, 3), (2, 2)] || area : -5.000000 ||[2, 8, 14, 10] 
poly 979 || [(2, 0), (0, 2), (2, 2), (3, 3)] || area : -6.000000 ||[2, 8, 10, 15] 
poly 980 || [(2, 0), (0, 2), (0, 3), (3, 2)] || area : -6.500000 ||[2, 8, 12, 11] 
poly 981 || [(2, 0), (0, 2), (1, 3), (3, 2)] || area : -6.500000 ||[2, 8, 13, 11] 
poly 982 || [(2, 0), (0, 2), (2, 3), (3, 2)] || area : -6.500000 ||[2, 8, 14, 11] 
poly 983 || [(2, 0), (0, 2), (3, 3), (3, 2)] || area : -6.500000 ||[2, 8, 15, 11] 
poly 984 || [(2, 0), (0, 2), (0, 3), (1, 3)] || area : -5.500000 ||[2, 8, 12, 13] 
poly 985 || [(2, 0), (0, 2), (0, 3), (2, 3)] || area : -7.000000 ||[2, 8, 12, 14] 
poly 986 || [(2, 0), (0, 2), (0, 3), (3, 3)] || area : -8.500000 ||[2, 8, 12, 15] 
poly 987 || [(2, 0), (0, 2), (1, 3), (1, 2)] || area : -3.500000 ||[2, 8, 13, 9] 
poly 988 || [(2, 0), (0, 2), (1, 3), (2, 3)] || area : -6.500000 ||[2, 8, 13, 14] 
poly 989 || [(2, 0), (0, 2), (1, 3), (3, 3)] || area : -8.000000 ||[2, 8, 13, 15] 
poly 990 || [(2, 0), (0, 2), (2, 3), (3, 3)] || area : -7.500000 ||[2, 8, 14, 15] 
poly 991 || [(2, 0), (0, 2), (3, 3), (2, 2)] || area : -5.000000 ||[2, 8, 15, 10] 
poly 992 || [(2, 0), (1, 2), (0, 3), (2, 2)] || area : -3.500000 ||[2, 9, 12, 10] 
poly 993 || [(2, 0), (1, 2), (0, 3), (3, 2)] || area : -5.000000 ||[2, 9, 12, 11] 
poly 994 || [(2, 0), (0, 3), (1, 3), (1, 2)] || area : -3.000000 ||[2, 12, 13, 9] 
poly 995 || [(2, 0), (1, 2), (0, 3), (2, 3)] || area : -5.500000 ||[2, 9, 12, 14] 
poly 996 || [(2, 0), (1, 2), (0, 3), (3, 3)] || area : -7.000000 ||[2, 9, 12, 15] 
poly 997 || [(2, 0), (0, 3), (2, 2), (3, 2)] || area : -5.000000 ||[2, 12, 10, 11] 
poly 998 || [(2, 0), (0, 3), (1, 2), (2, 2)] || area : -3.500000 ||[2, 12, 9, 10] 
poly 999 || [(2, 0), (0, 3), (1, 3), (2, 2)] || area : -4.500000 ||[2, 12, 13, 10] 
poly 1000 || [(2, 0), (0, 3), (2, 3), (2, 2)] || area : -5.000000 ||[2, 12, 14, 10] 
poly 1001 || [(2, 0), (0, 3), (3, 3), (2, 2)] || area : -5.500000 ||[2, 12, 15, 10] 
poly 1002 || [(2, 0), (0, 3), (1, 3), (3, 2)] || area : -6.000000 ||[2, 12, 13, 11] 
poly 1003 || [(2, 0), (0, 3), (2, 3), (3, 2)] || area : -6.500000 ||[2, 12, 14, 11] 
poly 1004 || [(2, 0), (0, 3), (3, 3), (3, 2)] || area : -7.000000 ||[2, 12, 15, 11] 
poly 1005 || [(2, 0), (0, 3), (1, 3), (2, 3)] || area : -6.000000 ||[2, 12, 13, 14] 
poly 1006 || [(2, 0), (0, 3), (1, 3), (3, 3)] || area : -7.500000 ||[2, 12, 13, 15] 
poly 1007 || [(2, 0), (0, 3), (2, 3), (3, 3)] || area : -7.500000 ||[2, 12, 14, 15] 
poly 1008 || [(3, 0), (0, 1), (1, 1)] || area : -2.000000 ||[3, 4, 5] 
poly 1009 || [(3, 0), (0, 1), (2, 1)] || area : -2.500000 ||[3, 4, 6] 
poly 1010 || [(3, 0), (0, 1), (3, 1)] || area : -3.000000 ||[3, 4, 7] 
poly 1011 || [(3, 0), (0, 1), (0, 2)] || area : -4.500000 ||[3, 4, 8] 
poly 1012 || [(3, 0), (0, 1), (1, 2)] || area : -5.000000 ||[3, 4, 9] 
poly 1013 || [(3, 0), (0, 1), (2, 2)] || area : -5.500000 ||[3, 4, 10] 
poly 1014 || [(3, 0), (0, 1), (3, 2)] || area : -6.000000 ||[3, 4, 11] 
poly 1015 || [(3, 0), (0, 1), (0, 3)] || area : -7.500000 ||[3, 4, 12] 
poly 1016 || [(3, 0), (0, 1), (1, 3)] || area : -8.000000 ||[3, 4, 13] 
poly 1017 || [(3, 0), (0, 1), (2, 3)] || area : -8.500000 ||[3, 4, 14] 
poly 1018 || [(3, 0), (0, 1), (3, 3)] || area : -9.000000 ||[3, 4, 15] 
poly 1019 || [(3, 0), (1, 1), (0, 2)] || area : -3.500000 ||[3, 5, 8] 
poly 1020 || [(3, 0), (1, 1), (0, 3)] || area : -6.000000 ||[3, 5, 12] 
poly 1021 || [(3, 0), (0, 2), (2, 1)] || area : -2.000000 ||[3, 8, 6] 
poly 1022 || [(3, 0), (0, 2), (3, 1)] || area : -3.000000 ||[3, 8, 7] 
poly 1023 || [(3, 1), (3, 0), (0, 3)] || area : -6.000000 ||[7, 3, 12] 
poly 1024 || [(3, 0), (0, 2), (1, 2)] || area : -4.000000 ||[3, 8, 9] 
poly 1025 || [(3, 0), (0, 2), (2, 2)] || area : -5.000000 ||[3, 8, 10] 
poly 1026 || [(3, 0), (0, 2), (3, 2)] || area : -6.000000 ||[3, 8, 11] 
poly 1027 || [(3, 0), (0, 2), (0, 3)] || area : -6.000000 ||[3, 8, 12] 
poly 1028 || [(3, 0), (0, 2), (1, 3)] || area : -7.000000 ||[3, 8, 13] 
poly 1029 || [(3, 0), (0, 2), (2, 3)] || area : -8.000000 ||[3, 8, 14] 
poly 1030 || [(3, 0), (0, 2), (3, 3)] || area : -9.000000 ||[3, 8, 15] 
poly 1031 || [(3, 0), (0, 3), (2, 2)] || area : -4.500000 ||[3, 12, 10] 
poly 1032 || [(3, 0), (0, 3), (3, 2)] || area : -6.000000 ||[3, 12, 11] 
poly 1033 || [(3, 0), (0, 3), (1, 3)] || area : -6.000000 ||[3, 12, 13] 
poly 1034 || [(3, 0), (0, 3), (2, 3)] || area : -7.500000 ||[3, 12, 14] 
poly 1035 || [(3, 0), (0, 3), (3, 3)] || area : -9.000000 ||[3, 12, 15] 
poly 1036 || [(3, 0), (0, 1), (1, 1), (2, 1)] || area : -2.500000 ||[3, 4, 5, 6] 
poly 1037 || [(3, 0), (0, 1), (1, 1), (3, 1)] || area : -3.000000 ||[3, 4, 5, 7] 
poly 1038 || [(3, 0), (0, 1), (0, 2), (1, 1)] || area : -2.500000 ||[3, 4, 8, 5] 
poly 1039 || [(3, 0), (0, 1), (1, 1), (1, 2)] || area : -4.500000 ||[3, 4, 5, 9] 
poly 1040 || [(3, 0), (0, 1), (1, 1), (2, 2)] || area : -5.000000 ||[3, 4, 5, 10] 
poly 1041 || [(3, 0), (0, 1), (1, 1), (3, 2)] || area : -5.500000 ||[3, 4, 5, 11] 
poly 1042 || [(3, 0), (1, 1), (0, 1), (0, 3)] || area : -7.000000 ||[3, 5, 4, 12] 
poly 1043 || [(3, 0), (1, 1), (0, 1), (1, 3)] || area : -7.500000 ||[3, 5, 4, 13] 
poly 1044 || [(3, 0), (1, 1), (0, 1), (2, 3)] || area : -8.000000 ||[3, 5, 4, 14] 
poly 1045 || [(3, 0), (1, 1), (0, 1), (3, 3)] || area : -8.500000 ||[3, 5, 4, 15] 
poly 1046 || [(3, 0), (0, 1), (2, 1), (3, 1)] || area : -3.000000 ||[3, 4, 6, 7] 
poly 1047 || [(3, 0), (0, 1), (0, 2), (2, 1)] || area : -3.500000 ||[3, 4, 8, 6] 
poly 1048 || [(3, 0), (0, 1), (1, 2), (2, 1)] || area : -3.500000 ||[3, 4, 9, 6] 
poly 1049 || [(3, 0), (0, 1), (2, 2), (2, 1)] || area : -3.500000 ||[3, 4, 10, 6] 
poly 1050 || [(3, 0), (0, 1), (3, 2), (2, 1)] || area : -3.500000 ||[3, 4, 11, 6] 
poly 1051 || [(2, 1), (3, 0), (0, 1), (0, 3)] || area : -6.000000 ||[6, 3, 4, 12] 
poly 1052 || [(2, 1), (3, 0), (0, 1), (1, 3)] || area : -5.500000 ||[6, 3, 4, 13] 
poly 1053 || [(3, 0), (2, 1), (0, 1), (2, 3)] || area : -7.500000 ||[3, 6, 4, 14] 
poly 1054 || [(3, 0), (2, 1), (0, 1), (3, 3)] || area : -8.000000 ||[3, 6, 4, 15] 
poly 1055 || [(3, 0), (0, 1), (0, 2), (3, 1)] || area : -4.500000 ||[3, 4, 8, 7] 
poly 1056 || [(3, 0), (0, 1), (1, 2), (3, 1)] || area : -4.500000 ||[3, 4, 9, 7] 
poly 1057 || [(3, 0), (0, 1), (2, 2), (3, 1)] || area : -4.500000 ||[3, 4, 10, 7] 
poly 1058 || [(3, 0), (0, 1), (3, 2), (3, 1)] || area : -4.500000 ||[3, 4, 11, 7] 
poly 1059 || [(3, 1), (3, 0), (0, 1), (0, 3)] || area : -9.000000 ||[7, 3, 4, 12] 
poly 1060 || [(3, 1), (3, 0), (0, 1), (1, 3)] || area : -8.500000 ||[7, 3, 4, 13] 
poly 1061 || [(3, 1), (3, 0), (0, 1), (2, 3)] || area : -8.000000 ||[7, 3, 4, 14] 
poly 1062 || [(3, 1), (3, 0), (0, 1), (3, 3)] || area : -7.500000 ||[7, 3, 4, 15] 
poly 1063 || [(3, 0), (0, 1), (0, 2), (1, 2)] || area : -5.500000 ||[3, 4, 8, 9] 
poly 1064 || [(3, 0), (0, 1), (0, 2), (2, 2)] || area : -6.500000 ||[3, 4, 8, 10] 
poly 1065 || [(3, 0), (0, 1), (0, 2), (3, 2)] || area : -7.500000 ||[3, 4, 8, 11] 
poly 1066 || [(3, 0), (0, 1), (0, 2), (0, 3)] || area : -7.500000 ||[3, 4, 8, 12] 
poly 1067 || [(3, 0), (0, 1), (0, 2), (1, 3)] || area : -8.500000 ||[3, 4, 8, 13] 
poly 1068 || [(3, 0), (0, 1), (0, 2), (2, 3)] || area : -9.500000 ||[3, 4, 8, 14] 
poly 1069 || [(3, 0), (0, 1), (0, 2), (3, 3)] || area : -10.500000 ||[3, 4, 8, 15] 
poly 1070 || [(3, 0), (0, 1), (1, 2), (2, 2)] || area : -6.000000 ||[3, 4, 9, 10] 
poly 1071 || [(3, 0), (0, 1), (1, 2), (3, 2)] || area : -7.000000 ||[3, 4, 9, 11] 
poly 1072 || [(3, 0), (0, 1), (0, 3), (1, 2)] || area : -6.000000 ||[3, 4, 12, 9] 
poly 1073 || [(3, 0), (0, 1), (1, 2), (1, 3)] || area : -7.500000 ||[3, 4, 9, 13] 
poly 1074 || [(3, 0), (0, 1), (1, 2), (2, 3)] || area : -8.500000 ||[3, 4, 9, 14] 
poly 1075 || [(3, 0), (0, 1), (1, 2), (3, 3)] || area : -9.500000 ||[3, 4, 9, 15] 
poly 1076 || [(3, 0), (0, 1), (2, 2), (3, 2)] || area : -6.500000 ||[3, 4, 10, 11] 
poly 1077 || [(3, 0), (0, 1), (0, 3), (2, 2)] || area : -7.500000 ||[3, 4, 12, 10] 
poly 1078 || [(3, 0), (0, 1), (1, 3), (2, 2)] || area : -7.000000 ||[3, 4, 13, 10] 
poly 1079 || [(3, 0), (0, 1), (2, 3), (2, 2)] || area : -6.500000 ||[3, 4, 14, 10] 
poly 1080 || [(3, 0), (0, 1), (2, 2), (3, 3)] || area : -8.500000 ||[3, 4, 10, 15] 
poly 1081 || [(3, 0), (0, 1), (0, 3), (3, 2)] || area : -9.000000 ||[3, 4, 12, 11] 
poly 1082 || [(3, 0), (0, 1), (1, 3), (3, 2)] || area : -8.500000 ||[3, 4, 13, 11] 
poly 1083 || [(3, 0), (0, 1), (2, 3), (3, 2)] || area : -8.000000 ||[3, 4, 14, 11] 
poly 1084 || [(3, 0), (0, 1), (3, 3), (3, 2)] || area : -7.500000 ||[3, 4, 15, 11] 
poly 1085 || [(3, 0), (0, 1), (0, 3), (1, 3)] || area : -9.000000 ||[3, 4, 12, 13] 
poly 1086 || [(3, 0), (0, 1), (0, 3), (2, 3)] || area : -10.500000 ||[3, 4, 12, 14] 
poly 1087 || [(3, 0), (0, 1), (0, 3), (3, 3)] || area : -12.000000 ||[3, 4, 12, 15] 
poly 1088 || [(3, 0), (0, 1), (1, 3), (2, 3)] || area : -9.500000 ||[3, 4, 13, 14] 
poly 1089 || [(3, 0), (0, 1), (1, 3), (3, 3)] || area : -11.000000 ||[3, 4, 13, 15] 
poly 1090 || [(3, 0), (0, 1), (2, 3), (3, 3)] || area : -10.000000 ||[3, 4, 14, 15] 
poly 1091 || [(3, 0), (1, 1), (0, 1), (1, 2)] || area : -4.500000 ||[3, 5, 4, 9] 
poly 1092 || [(3, 0), (1, 1), (0, 1), (2, 2)] || area : -5.000000 ||[3, 5, 4, 10] 
poly 1093 || [(3, 0), (1, 1), (0, 1), (3, 2)] || area : -5.500000 ||[3, 5, 4, 11] 
poly 1094 || [(3, 0), (1, 1), (0, 2), (2, 1)] || area : -2.500000 ||[3, 5, 8, 6] 
poly 1095 || [(2, 1), (3, 0), (1, 1), (0, 3)] || area : -4.500000 ||[6, 3, 5, 12] 
poly 1096 || [(3, 0), (1, 1), (0, 2), (3, 1)] || area : -3.500000 ||[3, 5, 8, 7] 
poly 1097 || [(3, 1), (3, 0), (1, 1), (0, 3)] || area : -7.500000 ||[7, 3, 5, 12] 
poly 1098 || [(3, 0), (1, 1), (0, 2), (1, 2)] || area : -4.500000 ||[3, 5, 8, 9] 
poly 1099 || [(3, 0), (1, 1), (0, 2), (2, 2)] || area : -5.500000 ||[3, 5, 8, 10] 
poly 1100 || [(3, 0), (1, 1), (0, 2), (3, 2)] || area : -6.500000 ||[3, 5, 8, 11] 
poly 1101 || [(3, 0), (1, 1), (0, 2), (0, 3)] || area : -6.500000 ||[3, 5, 8, 12] 
poly 1102 || [(3, 0), (1, 1), (0, 2), (1, 3)] || area : -7.500000 ||[3, 5, 8, 13] 
poly 1103 || [(3, 0), (1, 1), (0, 2), (2, 3)] || area : -8.500000 ||[3, 5, 8, 14] 
poly 1104 || [(3, 0), (1, 1), (0, 2), (3, 3)] || area : -9.500000 ||[3, 5, 8, 15] 
poly 1105 || [(3, 0), (1, 1), (0, 3), (1, 2)] || area : -4.500000 ||[3, 5, 12, 9] 
poly 1106 || [(3, 0), (1, 1), (0, 3), (2, 2)] || area : -6.000000 ||[3, 5, 12, 10] 
poly 1107 || [(3, 0), (1, 1), (0, 3), (3, 2)] || area : -7.500000 ||[3, 5, 12, 11] 
poly 1108 || [(3, 0), (1, 1), (0, 3), (1, 3)] || area : -7.500000 ||[3, 5, 12, 13] 
poly 1109 || [(3, 0), (1, 1), (0, 3), (2, 3)] || area : -9.000000 ||[3, 5, 12, 14] 
poly 1110 || [(3, 0), (1, 1), (0, 3), (3, 3)] || area : -10.500000 ||[3, 5, 12, 15] 
poly 1111 || [(3, 0), (0, 2), (2, 1), (3, 1)] || area : -2.500000 ||[3, 8, 6, 7] 
poly 1112 || [(3, 1), (3, 0), (2, 1), (0, 3)] || area : -6.000000 ||[7, 3, 6, 12] 
poly 1113 || [(2, 1), (3, 0), (0, 2), (1, 2)] || area : -2.500000 ||[6, 3, 8, 9] 
poly 1114 || [(3, 0), (2, 1), (0, 2), (2, 2)] || area : -4.500000 ||[3, 6, 8, 10] 
poly 1115 || [(3, 0), (2, 1), (0, 2), (3, 2)] || area : -5.500000 ||[3, 6, 8, 11] 
poly 1116 || [(2, 1), (3, 0), (0, 2), (0, 3)] || area : -4.500000 ||[6, 3, 8, 12] 
poly 1117 || [(3, 0), (2, 1), (0, 2), (1, 3)] || area : -6.500000 ||[3, 6, 8, 13] 
poly 1118 || [(3, 0), (2, 1), (0, 2), (2, 3)] || area : -7.500000 ||[3, 6, 8, 14] 
poly 1119 || [(3, 0), (2, 1), (0, 2), (3, 3)] || area : -8.500000 ||[3, 6, 8, 15] 
poly 1120 || [(3, 0), (2, 1), (0, 3), (2, 2)] || area : -4.500000 ||[3, 6, 12, 10] 
poly 1121 || [(3, 0), (2, 1), (0, 3), (3, 2)] || area : -6.000000 ||[3, 6, 12, 11] 
poly 1122 || [(3, 0), (2, 1), (0, 3), (1, 3)] || area : -6.000000 ||[3, 6, 12, 13] 
poly 1123 || [(3, 0), (2, 1), (0, 3), (2, 3)] || area : -7.500000 ||[3, 6, 12, 14] 
poly 1124 || [(3, 0), (2, 1), (0, 3), (3, 3)] || area : -9.000000 ||[3, 6, 12, 15] 
poly 1125 || [(3, 0), (0, 2), (3, 1), (2, 1)] || area : -2.500000 ||[3, 8, 7, 6] 
poly 1126 || [(3, 1), (3, 0), (0, 2), (1, 2)] || area : -4.500000 ||[7, 3, 8, 9] 
poly 1127 || [(3, 1), (3, 0), (0, 2), (2, 2)] || area : -4.500000 ||[7, 3, 8, 10] 
poly 1128 || [(3, 1), (3, 0), (0, 2), (3, 2)] || area : -4.500000 ||[7, 3, 8, 11] 
poly 1129 || [(3, 1), (3, 0), (0, 2), (0, 3)] || area : -7.500000 ||[7, 3, 8, 12] 
poly 1130 || [(3, 1), (3, 0), (0, 2), (1, 3)] || area : -7.500000 ||[7, 3, 8, 13] 
poly 1131 || [(3, 1), (3, 0), (0, 2), (2, 3)] || area : -7.500000 ||[7, 3, 8, 14] 
poly 1132 || [(3, 1), (3, 0), (0, 2), (3, 3)] || area : -7.500000 ||[7, 3, 8, 15] 
poly 1133 || [(3, 1), (3, 0), (1, 2), (0, 3)] || area : -6.000000 ||[7, 3, 9, 12] 
poly 1134 || [(3, 1), (3, 0), (0, 3), (2, 2)] || area : -4.000000 ||[7, 3, 12, 10] 
poly 1135 || [(3, 1), (3, 0), (0, 3), (3, 2)] || area : -4.500000 ||[7, 3, 12, 11] 
poly 1136 || [(3, 1), (3, 0), (0, 3), (1, 3)] || area : -6.500000 ||[7, 3, 12, 13] 
poly 1137 || [(3, 1), (3, 0), (0, 3), (2, 3)] || area : -7.000000 ||[7, 3, 12, 14] 
poly 1138 || [(3, 1), (3, 0), (0, 3), (3, 3)] || area : -7.500000 ||[7, 3, 12, 15] 
poly 1139 || [(3, 0), (0, 2), (1, 2), (2, 2)] || area : -5.000000 ||[3, 8, 9, 10] 
poly 1140 || [(3, 0), (0, 2), (1, 2), (3, 2)] || area : -6.000000 ||[3, 8, 9, 11] 
poly 1141 || [(3, 0), (0, 2), (0, 3), (1, 2)] || area : -4.500000 ||[3, 8, 12, 9] 
poly 1142 || [(3, 0), (0, 2), (1, 2), (1, 3)] || area : -6.500000 ||[3, 8, 9, 13] 
poly 1143 || [(3, 0), (0, 2), (1, 2), (2, 3)] || area : -7.500000 ||[3, 8, 9, 14] 
poly 1144 || [(3, 0), (0, 2), (1, 2), (3, 3)] || area : -8.500000 ||[3, 8, 9, 15] 
poly 1145 || [(3, 0), (0, 2), (2, 2), (3, 2)] || area : -6.000000 ||[3, 8, 10, 11] 
poly 1146 || [(3, 0), (0, 2), (0, 3), (2, 2)] || area : -6.000000 ||[3, 8, 12, 10] 
poly 1147 || [(3, 0), (0, 2), (1, 3), (2, 2)] || area : -6.000000 ||[3, 8, 13, 10] 
poly 1148 || [(3, 0), (0, 2), (2, 3), (2, 2)] || area : -6.000000 ||[3, 8, 14, 10] 
poly 1149 || [(3, 0), (0, 2), (2, 2), (3, 3)] || area : -8.000000 ||[3, 8, 10, 15] 
poly 1150 || [(3, 0), (0, 2), (0, 3), (3, 2)] || area : -7.500000 ||[3, 8, 12, 11] 
poly 1151 || [(3, 0), (0, 2), (1, 3), (3, 2)] || area : -7.500000 ||[3, 8, 13, 11] 
poly 1152 || [(3, 0), (0, 2), (2, 3), (3, 2)] || area : -7.500000 ||[3, 8, 14, 11] 
poly 1153 || [(3, 0), (0, 2), (3, 3), (3, 2)] || area : -7.500000 ||[3, 8, 15, 11] 
poly 1154 || [(3, 0), (0, 2), (0, 3), (1, 3)] || area : -7.500000 ||[3, 8, 12, 13] 
poly 1155 || [(3, 0), (0, 2), (0, 3), (2, 3)] || area : -9.000000 ||[3, 8, 12, 14] 
poly 1156 || [(3, 0), (0, 2), (0, 3), (3, 3)] || area : -10.500000 ||[3, 8, 12, 15] 
poly 1157 || [(3, 0), (0, 2), (1, 3), (2, 3)] || area : -8.500000 ||[3, 8, 13, 14] 
poly 1158 || [(3, 0), (0, 2), (1, 3), (3, 3)] || area : -10.000000 ||[3, 8, 13, 15] 
poly 1159 || [(3, 0), (0, 2), (2, 3), (3, 3)] || area : -9.500000 ||[3, 8, 14, 15] 
poly 1160 || [(3, 0), (1, 2), (0, 3), (2, 2)] || area : -4.500000 ||[3, 9, 12, 10] 
poly 1161 || [(3, 0), (1, 2), (0, 3), (3, 2)] || area : -6.000000 ||[3, 9, 12, 11] 
poly 1162 || [(3, 0), (1, 2), (0, 3), (1, 3)] || area : -6.000000 ||[3, 9, 12, 13] 
poly 1163 || [(3, 0), (1, 2), (0, 3), (2, 3)] || area : -7.500000 ||[3, 9, 12, 14] 
poly 1164 || [(3, 0), (1, 2), (0, 3), (3, 3)] || area : -9.000000 ||[3, 9, 12, 15] 
poly 1165 || [(3, 0), (0, 3), (2, 2), (3, 2)] || area : -5.500000 ||[3, 12, 10, 11] 
poly 1166 || [(3, 0), (0, 3), (1, 3), (2, 2)] || area : -5.000000 ||[3, 12, 13, 10] 
poly 1167 || [(3, 0), (0, 3), (2, 3), (2, 2)] || area : -5.500000 ||[3, 12, 14, 10] 
poly 1168 || [(3, 0), (0, 3), (3, 3), (2, 2)] || area : -6.000000 ||[3, 12, 15, 10] 
poly 1169 || [(3, 0), (0, 3), (1, 3), (3, 2)] || area : -6.500000 ||[3, 12, 13, 11] 
poly 1170 || [(3, 0), (0, 3), (2, 3), (3, 2)] || area : -7.000000 ||[3, 12, 14, 11] 
poly 1171 || [(3, 0), (0, 3), (3, 3), (3, 2)] || area : -7.500000 ||[3, 12, 15, 11] 
poly 1172 || [(3, 0), (0, 3), (1, 3), (2, 3)] || area : -7.500000 ||[3, 12, 13, 14] 
poly 1173 || [(3, 0), (0, 3), (1, 3), (3, 3)] || area : -9.000000 ||[3, 12, 13, 15] 
poly 1174 || [(3, 0), (0, 3), (2, 3), (3, 3)] || area : -9.000000 ||[3, 12, 14, 15] 
poly 1175 || [(1, 1), (1, 0), (0, 1), (2, 3)] || area : -2.000000 ||[5, 1, 4, 14] 
poly 1176 || [(1, 1), (2, 0), (0, 1), (0, 3)] || area : -3.000000 ||[5, 2, 4, 12] 
poly 1177 || [(2, 1), (3, 0), (0, 1), (2, 3)] || area : -5.000000 ||[6, 3, 4, 14] 
poly 1178 || [(2, 1), (1, 1), (0, 0), (2, 3)] || area : -3.500000 ||[6, 5, 0, 14] 
poly 1179 || [(3, 1), (1, 1), (0, 0), (1, 3)] || area : -7.000000 ||[7, 5, 0, 13] 
poly 1180 || [(1, 1), (0, 0), (1, 2), (3, 2)] || area : -1.000000 ||[5, 0, 9, 11] 
poly 1181 || [(1, 1), (0, 0), (2, 3), (3, 2)] || area : -1.500000 ||[5, 0, 14, 11] 
poly 1182 || [(2, 1), (1, 1), (1, 0), (0, 3)] || area : -4.500000 ||[6, 5, 1, 12] 
poly 1183 || [(1, 1), (1, 0), (0, 2), (2, 2)] || area : -1.500000 ||[5, 1, 8, 10] 
poly 1184 || [(1, 1), (1, 0), (0, 2), (2, 3)] || area : -2.500000 ||[5, 1, 8, 14] 
poly 1185 || [(1, 1), (1, 0), (0, 3), (2, 2)] || area : -2.000000 ||[5, 1, 12, 10] 
poly 1186 || [(1, 1), (1, 0), (0, 3), (2, 3)] || area : -3.000000 ||[5, 1, 12, 14] 
poly 1187 || [(2, 1), (3, 0), (0, 2), (2, 2)] || area : -2.500000 ||[6, 3, 8, 10] 
poly 1188 || [(2, 1), (3, 0), (0, 2), (1, 3)] || area : -4.500000 ||[6, 3, 8, 13] 
